98 270
10 12
11 16
16 20
25 2
27 5
31 10
32 16
35 5
37 13
38 0
44 0
51 3
55 16
56 3
61 10
71 1
79 8
82 6
90 8
91 1
93 2
101 8
103 8
105 6
113 6
120 6
121 7
129 2
134 2
138 0
145 5
148 4
149 1
156 2
160 0
164 8
166 2
169 35
170 29
171 31
172 4
173 34
175 29
178 2
181 35
183 0
187 5
189 15
190 14
191 13
193 5
194 30
195 17
196 12
198 17
199 2
200 9
201 22
202 19
204 11
206 19
207 14
208 9
210 15
212 10
215 30
219 1
220 24
222 19
224 20
227 12
228 26
229 10
231 0
232 14
233 21
234 20
235 30
236 6
237 20
238 2
239 28
241 15
242 20
244 15
245 12
246 6
247 30
248 7
249 30
250 18
251 7
254 26
258 17
262 9
266 29
267 24
268 1
