1094
-2054
9935
9602
2392
1367
8651
-7534
9095
-3717
1895
-5171
305
4365
-1821
1640
-4957
-8972
7824
6158
-8629
1795
-7780
3450
7785
-8335
-7092
-8952
9887
388
-9042
-6028
6256
9202
6052
-7859
-3824
-1962
-5652
-745
6175
-2085
9669
123
-5857
-9612
-5952
-1706
-1039
8308
8938
-30
-8878
1705
1398
9376
-6372
-4727
4761
3756
-4630
-1851
-347
9799
-5453
-63
6438
317
8516
2105
-6032
-5418
-8687
-6644
6326
-4059
-944
4964
5742
-232
-5466
-7665
5310
-7623
4680
-7595
-707
-3263
-2660
-1919
-4744
3962
9501
2407
5185
-8061
667
7446
6795
-7152
3921
-3606
1920
6359
6551
5646
-2199
-304
-6540
-9307
4104
7227
6776
667
1406
1936
6006
2038
5842
-3825
-2477
-1326
7157
5586
7718
4844
-7213
-3362
-7162
8159
7864
-4910
-321
-6863
3259
6036
-1848
9925
-2099
9943
-1094
218
-253
5752
9003
-340
-3919
3724
-6823
-6715
-9734
-8602
-8602
-3509
-711
2935
-4215
9372
-3600
-5930
2996
-3448
3000
1766
-5258
-5730
3434
953
7018
6790
158
-9611
9331
-2547
4112
7571
-2834
7942
-5113
2148
4280
1162
6216
-7634
9900
7393
-6250
-8621
-6347
-9008
6850
-5224
4340
5841
7120
-5092
5348
-4360
4226
4428
3830
3348
1138
-2705
9949
6111
8378
733
4430
-2005
9555
3906
8497
6089
-1816
5171
8795
1790
-988
-1033
-8480
-7789
-8767
-4707
7670
3680
28
7932
5295
-5596
8575
8825
3356
-586
-6941
-5492
4136
903
-5023
4099
80
5746
835
-5331
2336
3694
6481
4280
3191
3068
2926
-7758
-7648
-6786
-8790
-4568
-9479
-8956
4561
-8932
-7045
6812
6253
-3910
7183
3267
9028
6135
-5228
8396
-310
-5002
130
6749
-5798
-3580
-4799
8637
1452
-7903
-3600
-7421
3800
-5830
7885
9152
8163
-1901
1953
-617
-4260
3651
-5175
-5628
-8021
-3906
-7082
804
-8751
2190
-6344
6712
-4268
-3574
-433
5978
1457
-3901
-2946
9768
-5882
2720
-7158
-7927
9694
1069
3262
3337
-9310
-9778
-2488
-2620
1718
-4673
-1080
2068
-136
5013
-8424
-6325
-8432
-6073
-9573
-2608
-975
4905
-3168
6452
2519
-2459
3269
-814
5407
-6464
-6549
8522
2024
4446
4256
400
-7704
1270
-1206
7223
-2176
-9580
6453
890
7208
-9652
7541
-6405
846
-5618
3897
-8909
9160
-6836
-2852
-9460
6373
4062
8002
6635
-850
-8221
9967
-4481
-2294
-935
7649
7873
-5544
2886
7384
-4126
-5038
2188
9644
-4324
-2696
4292
7005
-7015
1503
-6524
-6242
-7266
-9389
2086
3707
-3626
930
7138
947
-2914
4244
-5413
-6722
-4520
-5003
-4805
-225
3712
-7643
1653
-547
-3654
-8253
5365
-8008
1196
-3399
-4729
-7925
3746
-2512
5518
1367
-7651
-4278
3144
-3454
-4009
-5267
-2681
-460
2527
-4258
5434
234
-1878
-3060
-1512
-5921
8702
2750
939
-1341
-2669
-8479
-1748
-6050
-9141
1321
7244
6332
-2553
-6175
-1245
8141
4829
-4470
-447
-323
-2878
-5555
9797
-7259
-7347
-317
9701
1133
5525
-6902
-9168
-8410
8580
9135
-8013
7461
-1932
-922
5590
2938
-6984
-4075
125
-6311
6425
9064
-1813
264
4888
2895
-6779
-7073
-521
6053
-6940
2575
6736
5966
-3376
-3753
6426
-3864
7473
6013
8181
-2536
4938
1812
3699
2077
-7158
2096
5557
-6808
7658
4383
2160
8335
-8105
-290
8065
6641
4308
-2488
-9268
-749
-5689
-4341
-7659
8496
-4600
3685
6269
-9462
1698
-882
-2698
2250
1189
7944
6436
7635
7032
-609
7135
-9805
-6878
-9013
-3370
6016
9122
-6724
-4560
-7036
2899
-4232
-5331
6895
3023
-9244
-7871
-5920
2540
-5375
-9244
-3928
7680
-3345
8803
8183
-3340
5419
-3783
8069
5506
403
9507
7523
268
-7145
8323
-3110
-1615
-9005
-8778
3311
-6961
91
-122
9516
-5385
5903
-8043
7994
2383
-8905
-6981
6122
-3441
-7417
-5442
-6953
435
9955
-6261
-402
6225
1625
3708
611
2488
2393
3976
6884
-609
3406
5229
5187
-7286
-8688
-6293
9577
-1415
-969
-4573
507
7679
9021
-7771
4797
6405
-4543
-7372
5640
-4955
3025
-1682
7125
-766
-4968
6771
-2075
1027
-803
9603
1613
-2525
-3747
9086
7510
4239
-8421
3516
-811
-1146
1610
3673
-6669
7032
4592
2979
-6240
4593
9757
-2934
-8927
9464
-1767
-2087
-1207
-3247
-2506
-1254
7864
-6137
3241
3786
7546
3063
-9927
7198
8074
-8827
6521
-4019
8722
-8248
-857
-3635
971
5836
-3426
4996
-1220
1608
-2295
-5280
2293
9797
-3835
1207
-4478
2493
5562
-7247
-8772
6932
-1500
-3132
3946
1211
-3699
-5559
8545
7755
2542
9296
-958
1791
-3340
169
5100
3411
-1350
-5609
5187
4196
-6066
2776
7444
5798
4963
6313
-4645
9531
-1396
9008
-5245
-2390
4285
7568
1648
4890
-9753
-9078
2638
8169
-9549
2829
-9490
2179
6202
-2639
5095
6704
1306
-2645
114
-8234
2522
-7376
-7447
-5015
1176
983
4795
3600
-5260
-9428
-2266
-379
-260
2337
4572
-7275
-391
3959
-2810
-2420
495
-3225
7695
-9224
-368
8425
-7033
-4463
6632
-6749
-9577
-2817
-867
8825
-5908
1955
-3634
-1007
5669
-6469
-4170
3377
5242
-9903
2843
6292
-4091
-1151
3910
6146
9631
-3790
-1708
4978
9438
3845
-3118
4298
1373
-9003
3186
428
-213
7384
5875
5929
-1531
3091
8012
9723
-441
-5354
-796
-2102
2633
8999
821
3282
-6255
673
810
-3479
558
8915
-6249
2844
-371
7486
-7201
-3893
-6399
-9838
-2250
-8960
-9353
9591
4334
3558
5693
4857
-4444
687
-9394
8529
5627
-9891
4658
-5113
-4053
3680
7014
1371
4424
-828
6234
9846
-7955
7698
4850
5335
-5706
-3196
5655
5904
-937
-7697
212
-2103
-1147
-8570
7010
4809
8035
-6540
-2984
6718
-4138
3726
8800
-242
2186
7394
1943
1645
-3116
-8979
9918
1531
-6170
-6858
4059
8657
6612
-5383
2756
1545
8643
3525
1323
1146
2312
-8878
8211
7117
41
543
1779
4146
9797
-6614
-4099
7785
-4925
-3187
6448
9981
6163
-8922
-8070
-7584
4933
-7674
9495
-9435
-4063
731
4083
-9494
3823
3817
7199
-9215
732
-2116
-7014
6939
-4646
-4377
3166
1217
1709
-4812
5904
-3269
-1101
-2467
-564
-3993
7196
-9083
3696
-796
7856
7749
-1884
6579
-2339
4798
4058
-4493
-8572
8594
2635
-3961
-3914
-9558
-5988
-4724
-7819
-7022
-6072
2452
-9711
6631
-4624
7711
745
9097
-4837
-8348
-5713
-1648
1700
-8287
4900
-4318
919
6495
2829
-7102
142
-6046
3169
4414
964
-7648
1713
-5619
-3869
-36
-2567
-1242
-7281
7922
1254
-4181
2748
5362
-1344
928
8932
-7873
-8610
-7714
-3187
-5812
229
-4135
-5847
8874
9287
-6078
5035
2281
3886
-7440
-4581
-3315
6815
9773
-505
9910
4224
5845
-9240
6774
-3199
2948
-1574
-8951
-4680
-5163
2660
-7727
-8266
6091
1161
707
-7059
-1122
-3068
-5568
8945
-651
-9318
5378
2136
78
-9175
5417
-4494
-4904
3896
6149
-6423
-2567
-1048
-6205
-4877
-3382
2554
-4074
9235
3458
4555
-6693
-6237
-8208
-2673
-9391
-6176
4958
-7156
986
4255
1379
3410
2842
-6259
-2666
4552
-1872
-6139
-884
-7921
-945
-2527
3769
9858
-2926
4143
7424
767
906
-4773
-5953
3236
-2109
5287
1557
2246
-8861
-9911
-5371
40
5456
-682
-3696
-5504
9667
-3738
-2654
-9811
-4825
9619
-5029
-5858
-8820
-3051
-893
-7242
3778
-7700
5654
-5465
-8059
-8132
-4345
-7503
6199
-6176
-1028
935
-9898
-500
-3874
5239
-8121
-4980
4248
3806
4293
-6511
-100
-8277
124
8761
-1942
142
4559
-5170
-8834
5361
-2285
-5136
1353
4236
-8182
4967
9334
1508
-4121
3109
9362
237
-4024
7792
328
133
7528
-5746
6933
-9911
-6889
2378
2290
1824
-1129
-4047
-2284
-2716
-9892
-3402
-8766
-8497
-9462
-7973
-3927
418
-2191
-2954
-7935
7974
417
-1685
9267
-8408
-2109
-6541
-5093
-657
-3753
-860
6418
-6986
7655
9489
-5190
-6432
-8652
2120
-6426
-5645
898
-5487
9421
2182
-3941
4696
9670
1589
6901
6702
-5983
2325
-6264
-6802
-7594
-4358
7297
-8594
1301
-3147
2560
-2893
5158
3904
-7727
-652
4971
9420
2281
-3527
484
6893
-2900
3628
55
615
-5477
-7489
-1326
3522
-5394
-1570
-1010
6085
-640
-9595
2596
2262
1690
-89
4622
3815
2571
-5215
-8310
-1261
-6557
5126
-2959
6406
-4541
4689
7368
-5020
4267
5063
-6188
-2810
-5453
1506
5901
307
-1648
8102
9940
-368
5938
-1528
-1298
6320
-5000
9284
-4127
-4977
7203
5962
-90
-1894
-1055
-3868
-4197
-3202
2472
-3385
-1013
2032
-6085
-5692
8959
-5966
5362
-2543
-910
-8556
7909
7281
6420
1831
2394
9690
9408
-1701
7842
8152
6902
-276
-9291
76
-2038
2698
-6094
3761
5929
7245
-7467
5237
781
8766
7971
9390
3581
8237
1194
-3987
253
-1065
6094
3876
9776
7035
4354
-1387
-14
8478
-5549
-1346
-4380
6021
-8752
-1970
-3785
-664
295
1701
-8942
-609
5250
-5739
2081
-47
-8389
-4911
1684
-9822
4727
-6953
-5374
1285
-6647
3319
2652
318
3719
3611
-2784
-206
-75
1958
-9376
-7441
-7881
-1497
1002
3800
3335
-1831
7433
8891
-1575
-4765
-919
3181
5085
-7231
5247
6619
2259
-4334
9399
-4563
-7940
-8001
7431
8893
-6911
2101
3786
-9097
4515
4216
-5986
-8238
-2046
-2069
-1949
8903
179
1577
-239
1158
4673
936
-5451
7213
8377
-2978
4767
8549
2177
-1144
-8910
5202
9953
-5330
376
2433
-2035
-1619
-4314
-6617
2324
260
-7566
4334
5477
1746
2300
-424
2739
1622
-6354
7294
5917
9303
5640
3019
-3113
9012
-1922
-969
3974
8963
8336
283
2085
-8060
9731
-2206
6920
1572
8272
-1969
4364
1693
-4918
5076
2744
-2743
9334
1382
-2345
8092
-6371
954
-8871
-1938
4152
-5630
6850
-714
2254
1368
-1806
-7221
-2582
7291
-5076
-8318
8634
-5604
1856
-322
-5457
5788
-8740
3660
8219
2506
-7902
9469
-6550
-4082
7990
-3022
-2986
4716
-7303
-4284
9915
-8296
5437
-8232
6455
8935
-6699
7053
-6870
-3848
-5412
-4249
3875
2604
-3212
1625
4685
-1913
5099
-7845
-6887
-1402
-9276
7089
2437
3474
-1848
1092
5639
-5498
2034
4878
-6999
-3105
5742
-8241
4833
9118
-7917
455
-7094
7841
-7100
5336
4606
-4552
-7697
-8515
-620
2873
4733
-7118
-1580
-3952
5629
-5525
7038
4502
3638
-883
-6930
-9283
-9660
2591
-7195
-4798
6172
-4913
-3510
-5711
2580
-8018
-7973
-5927
-2213
-5079
826
4776
-2953
-3260
-1083
6420
-3416
-7305
7308
6248
2446
8610
-5259
-12
-9164
7822
-433
-9333
-599
-4506
2859
-6380
-5346
-31
-923
4438
-3988
-1360
3990
5297
-1161
4899
-5326
-1201
-7831
-4702
8726
5655
-2295
-5916
8753
-4682
-8368
-5465
-378
-518
6067
-2663
-4466
6523
-1393
7862
-7775
-5775
8149
-8463
8298
3891
-2277
-7286
-466
-9975
8268
2109
-5147
5461
-5689
-3730
1851
420
-8094
-4263
7785
-3695
2523
484
9336
-3896
-4925
-5290
4443
-7286
-9480
-2205
6900
6668
-3311
8843
3557
9327
-7453
-7916
4468
480
-2018
2712
-6972
4423
-2000
-1859
4474
-8817
4683
7405
-1219
9001
8242
4272
8547
2414
1036
8299
5957
9035
6769
-5027
-5441
9700
1111
-6186
1598
-445
3515
3792
8099
5457
19
-7776
-4507
3303
-7508
9277
310
-9365
-3896
-9248
815
6479
4611
-376
-2649
-8842
7037
-5427
6628
-446
8805
-5530
-7745
6423
-7797
3970
7299
-3631
-5746
3293
-6397
3330
1781
2852
-1470
-2413
9050
-6325
-1195
-904
-2222
-829
8015
-1149
2173
-4720
-5637
-8211
4025
-4478
-8715
7998
2311
-2902
4979
-1145
-1808
-7074
268
6230
-2277
1550
656
-899
-5542
1849
-7683
3784
6251
-6963
5685
-4270
3969
7334
-4342
-3433
1318
6763
-477
5692
4816
-5232
-1637
-1469
6935
3021
-5903
-7240
4408
8947
2817
-4457
-9722
8249
-8289
-2543
-274
9571
-5883
3776
-4165
3601
-3094
-4613
-3473
-2978
-6055
-1700
-890
-20
-1663
6243
5186
-908
5174
1923
-5005
501
-8100
-6284
-9123
-3283
2633
-2181
2323
-445
-5250
-5965
-6474
-4734
9813
1733
2166
6603
-8886
5680
-9873
-4763
-526
-2872
-6577
1553
4282
-379
7796
-5551
2614
3285
8177
5053
4433
-2941
1912
2963
-4093
-4460
-5856
628
2985
-1385
-9256
7085
-9826
-6399
-3519
-2083
-8293
9950
-1832
2209
3391
-2023
7903
-9423
9652
948
3708
4294
-6375
1519
-5568
-872
-1132
-5749
-6526
-81
400
9501
-3382
-6965
-4589
467
1222
-4293
5572
-3618
-9299
-950
6862
1156
6275
-1204
5757
4836
7546
-3877
-4406
1889
-7564
7753
9658
-5497
846
-6500
2554
-8206
-1913
7
-7877
7679
-938
-8822
-6534
-3329
3766
9813
6195
-2495
4385
3284
5061
7543
-5520
-4665
-5731
-1201
-8640
-4547
-4520
-2551
8481
-8968
-3828
-9156
-7332
-7500
-6152
8368
3608
8541
3406
-7310
-4578
9515
8841
8841
1552
-6209
-6787
-6017
-1950
7669
-9832
1440
6156
373
-2021
-1931
3375
1232
-5268
7345
4681
7535
9381
7226
6818
-8764
-5767
2015
5523
-3467
-6937
-4317
9757
6200
6751
-403
2621
-5777
8395
-9343
74
2572
-8677
-5199
1348
-595
3417
6874
6586
237
7080
593
-2596
3403
-1677
-7208
7355
7348
-3750
-6682
-8121
2687
-1981
-6660
-8849
244
-1274
-7059
6191
8943
278
6296
2784
8859
-2317
4785
6442
-1092
-58
-9947
-8722
5813
3677
-8592
-3259
359
-9210
433
3571
2178
6597
7798
-2637
6551
3391
4953
6050
6524
-4648
2013
-5138
-5518
-4511
-1502
-2589
-9731
-8429
-2802
-8805
-9868
576
4746
3305
-4521
6467
-464
6691
4478
3004
7280
4433
453
-8285
-2648
514
-8873
2992
2284
1401
-1142
7123
-716
2528
6137
4427
-9710
1206
1867
-2061
-4779
1576
-7615
6705
-3729
-2745
7318
-7752
-3787
-82
-1896
11
-8604
-9764
472
3144
-8258
8326
3671
-7858
-9881
-9532
9504
662
-7511
-8373
1399
-7244
-4618
-4455
1017
-3189
-1265
174
-23
-6146
-258
8770
-7499
-237
8978
8947
-6181
-6505
9949
9153
8717
8176
8578
-6550
8853
-1883
9812
7835
-4450
-7851
-9101
-1939
3773
-5018
-50
3117
-330
513
-1046
-7920
-9411
8361
-7843
4327
1343
6307
-7937
2864
-7403
6058
3172
2179
7637
4940
-3483
8857
-2984
-6783
2638
-6452
2554
9484
-515
5200
2269
-6629
-5907
-4378
-1491
-1666
-5592
4804
9389
-3116
9657
984
8137
7670
-7225
4859
-1105
4730
-5485
2008
-5045
835
5693
72
8293
6356
7401
9691
-7817
9786
-9933
6309
-1677
-8153
927
1142
-6496
3758
-3963
-9755
-4352
-9101
-9210
-237
6963
-2547
3682
5228
-5474
2775
-3165
6841
3543
2913
1785
-3982
343
-9273
-3451
8853
-6052
64
6176
-6153
9867
-3270
1218
9481
-5359
-3454
-4976
4113
-4363
3335
-270
8503
-8525
3803
-6248
-6210
2871
-5619
-3626
-4362
6343
-691
-2243
644
-7836
1345
-7019
-9629
-4730
6916
-2870
-1779
-9342
-3268
-429
1951
2212
5358
-9037
-1909
-4283
2237
-5283
7825
2504
-4926
-3828
-2983
-1561
-2443
7304
-8725
-8748
301
725
1905
-87
8978
-1202
-7138
-2523
24
4186
8278
1642
6898
-8348
-6555
-7892
6208
336
3278
-9088
-8538
5941
4699
6179
6371
8872
-8308
9482
2804
-8324
1770
-1571
1557
4331
3894
-5467
-1882
-9940
7592
-8811
9563
5682
2594
-7933
-2794
3415
-9130
-3199
-8450
-6662
8648
-7998
-5560
1137
2967
-4587
-7816
-5498
-2594
3811
5198
323
5555
-8428
-1556
-8467
-269
7280
-1865
709
-8188
-9184
-8291
2247
-9207
-526
9842
-1125
-9920
-3131
-1341
-6662
-8599
-5820
-7331
7568
-4900
-5616
-9913
9884
9927
114
-3772
7233
6734
-8543
6429
-7144
-7231
-9480
-459
-5313
5449
-4615
-8426
-8308
-6997
4643
9137
-125
4318
2974
-5985
2219
9698
5986
-4112
8338
-5879
-5656
8153
2728
5260
-3944
-707
-8643
-4931
2425
-1347
2820
8671
8702
-9139
9703
-3563
-3024
-9963
8342
3640
-3533
102
5400
2367
-3955
6950
-1404
-5893
8280
3330
9492
-9438
988
8669
-7758
-5557
-9267
-6189
7460
-9121
4252
-6935
-4673
5645
-3775
-2778
5742
-6092
1472
-4005
9191
3022
1910
11
2595
9200
3141
-1715
9878
849
1281
5964
6644
-9130
5818
-2914
-7302
4327
-8028
-9961
-1616
7473
8099
-9997
2970
3657
8028
6414
-4362
-1617
-9632
-9916
-9498
3440
-3860
-8024
-3312
-4483
-3350
-1134
3015
5922
-6122
-5909
9109
4578
6120
-7726
-8000
-7417
-7107
-4571
8548
8528
-2544
7913
-1246
-7137
-388
-6113
8933
-2717
-3656
-799
-4482
-7767
-2574
-8131
5306
6413
-5496
-302
-3665
9495
9280
-892
2724
7820
-1188
-287
3452
-4911
1431
1988
-8899
-9571
758
7910
1836
-7876
8335
-9197
594
-6974
7343
2922
-8924
9405
-1156
-3744
-313
7296
9246
1829
-3756
-3774
9419
4424
-2561
-7312
-1761
6150
4744
5495
-4620
1698
2873
8841
-8864
-8866
-2286
3675
-8725
-1689
-1502
-718
-7896
9058
7286
-2853
-639
-6410
-8807
7135
7643
-1505
287
6426
-8120
5985
-6370
2401
-2045
-8452
-6227
8479
-752
-8384
-5388
-8735
-1740
3858
4518
304
-5143
-3436
-3453
-1565
9985
-2580
-7533
9609
-8421
885
9252
-6039
7650
4606
7966
2136
-1995
8545
-3725
8347
928
-5163
109
-9198
7289
2713
9773
-4937
-6283
4791
-4183
-107
-6613
-2629
-1156
8764
5764
5490
8224
7078
4288
2546
3499
189
8864
-7617
1484
-9466
4755
9934
5781
8104
3446
3477
1931
-953
-5163
-6419
4182
9593
-9626
-174
-4518
-8816
9472
-7273
-2316
7975
7819
8943
-6693
-6181
-743
5977
-5330
-7855
-9058
2153
3910
-6573
-6452
7983
-2543
4308
8126
-3998
490
-5141
-7531
5694
4843
-8485
-6210
1166
-1042
-4835
2185
822
-2115
-986
-4816
-2814
-1553
9058
9260
-353
-1706
-5532
-2638
8967
9845
70
-3986
-9541
-1812
655
4042
8396
8984
-4024
-4580
-2368
-1542
-496
8857
5313
374
-8234
-1564
-431
-9558
-8682
-6540
7168
-9959
5162
6156
8834
1546
-8491
7283
-5724
5640
-6445
4224
7662
-4851
4178
-6173
-2725
-6571
550
5329
-8076
112
-5530
1441
9516
-7715
7868
-8440
-4034
-8593
-2927
7367
467
1737
-1833
-4502
-5495
1118
-3130
-1653
-1755
-2032
6696
-9729
-8923
5212
5590
8680
7967
-5138
-2947
5710
9102
3119
326
-5596
305
3777
-6505
-5325
2459
-2396
8573
7924
111
9357
-1552
590
-5958
-8676
3278
3772
4303
9623
-9470
-4241
5599
6829
-8127
-9213
2918
-5442
4637
-7124
4668
-1490
6179
-3025
-8467
8542
8756
6575
-7989
5412
-5159
-2894
-2871
9054
5742
-5918
-9398
2076
9122
-3779
9750
-9924
4376
-9276
-6124
3016
3989
-3010
7116
-874
-2248
-4958
5912
-9196
-2306
-8621
-8795
5157
6841
-8181
-3630
-7919
-403
-1627
-1712
4960
3663
998
2878
-2172
-2178
-2636
-3868
6533
3536
965
1222
9657
3969
-7778
-8114
-7847
-7571
-9463
9501
-597
-4288
-1751
4278
-6080
-4914
-1060
2865
214
-9224
7384
-3201
-641
3758
5082
-6856
-5738
939
9479
-574
-5118
3298
-6763
-5692
-1118
9460
-9775
2754
9561
5609
-3244
5641
-9828
-6650
2800
-998
-5489
-223
-8421
-2330
-6478
-9292
-1465
-432
6554
6960
5828
-1752
-165
-902
6627
9736
-941
7897
7875
-5560
5560
-7433
-482
706
8547
7655
158
-397
2968
8032
-1464
-8681
-738
-3840
7120
2904
-356
-417
9149
9562
-6956
77
3172
-406
6113
5417
-4754
-3973
-7900
7787
4259
2002
-5055
9372
-7750
1095
8575
-6521
-7570
6406
-1897
-9359
-3659
-6797
-9814
4782
3123
-8953
8900
-2860
5558
-1111
6646
7011
7370
8677
7359
-7821
-2552
-3273
4124
937
-4296
5463
-4780
-9299
-8141
-3749
-4244
7954
-8811
-7980
-35
214
5006
6695
-7167
6939
1769
1182
1096
-4142
-7851
2470
3200
7687
710
-2073
-9080
8741
-1684
-8197
1377
-9660
3089
-1305
5904
-7805
7103
-7256
-8631
-4011
1748
9588
9807
-7671
1393
5295
-1525
5124
9722
298
7458
-1107
-1413
-6072
-8082
8191
-4716
7945
2401
248
-2060
5180
-2267
6992
5007
-2377
-5728
8364
-1163
7205
-1946
8575
-8049
-9268
9261
-4108
3067
-7511
9156
-8348
-6935
775
-1254
9694
-3801
-7383
-5740
3641
-2899
1126
1389
3450
-8673
-956
-2107
-7197
2037
-3481
6835
889
-4357
698
-1793
4434
6321
-1989
-9211
8054
-8709
4497
-1997
-4800
-5083
-701
-4700
-8523
-2535
2956
6375
-9030
2552
680
-8588
4014
-5028
-1315
-3737
-554
1163
7716
-9880
-5509
5921
-9562
8011
-6204
4881
1184
84
6300
-5342
-4774
5193
2462
-7019
2768
3335
5280
9825
707
-7166
9077
-68
4887
965
-6821
7675
2970
5762
2416
-3919
9186
-6804
-3525
1738
-3277
-9217
-4663
7036
-3116
-7368
-673
-7095
-3241
-1037
5277
4694
1743
5171
-8519
-9135
1564
-5770
2827
1303
141
8343
-4372
-118
1763
-9921
7113
-7862
3815
3904
-860
-6671
6974
1978
3545
4977
-8792
-8281
5045
-3998
3739
1537
1678
6311
452
884
-4086
2888
-7737
8976
9991
-9640
5712
9401
1612
9315
-9505
-9225
1494
-1251
-6190
6674
-9201
3908
-210
8645
949
-2185
-3581
4842
-675
2298
-9094
6688
-3329
7039
-4785
9343
9171
-3429
6452
2546
5610
6850
7426
-9239
9337
6848
9551
6695
-1013
4744
-4862
8807
4437
-5729
3301
633
9960
-7942
-8086
-9792
-6993
5698
523
2783
-3685
9065
4377
-9002
8803
3095
4878
2102
1554
820
3770
6038
6747
-6125
-6905
-3350
-248
2023
1736
-9490
9001
9829
-1621
5768
-6434
-8683
4398
-1872
9535
-9609
-6007
-5188
3760
-4502
-2170
4546
8934
-1476
-8586
669
3997
-9692
4645
-8941
9157
4526
-3686
8548
-4790
5735
1207
969
6910
8130
8690
-3163
-228
-8477
7303
7925
-9580
4688
7643
7238
-2836
-4307
-3416
-7166
-4199
-6974
8705
-7186
-7705
-5748
6488
-5246
264
-1292
806
-8278
8020
8078
-1169
8797
-7566
3045
-3480
-5948
-2149
-7026
4714
-579
-5521
4165
1107
-9762
-1462
7728
-276
9300
-2067
-2089
9393
1497
-8110
1660
-3814
-2182
1230
-9511
-2996
-4332
-1055
4028
6121
115
7040
8957
-8976
3564
3349
6920
7917
16
-522
3900
2698
-4427
-1610
9236
-6328
-3783
8324
-7740
2252
261
5280
4457
5953
615
6835
4971
8250
-3876
4437
-1916
3081
-803
5295
-1098
6982
3934
-7935
5780
-260
2702
884
-9497
3257
-8684
-8714
2634
-6781
-3012
-8438
4359
648
418
4363
-992
8337
394
7572
-975
-8656
-3791
4814
-7186
1735
1279
451
-8476
-9963
7774
-3122
-879
4700
-2188
2976
-244
-1039
-1787
1906
-5005
-4686
-6377
-8543
-8227
-2551
4857
5033
8592
-8355
5340
1560
-4274
-8640
9887
8083
-3784
7377
2234
-4495
2673
6773
6709
831
-3417
5392
7560
8750
-6849
6842
7236
728
2723
-8853
1970
7348
-6069
2396
-6089
-726
6992
4524
-2313
2171
-9006
511
6300
-4647
-8630
-892
-9893
-506
-2876
-959
843
361
7853
-197
-4930
6234
-9674
-4124
-9255
-6693
-6094
2743
744
7261
9368
-7449
382
-7228
4513
-4081
-5191
-6785
6289
-9914
8634
973
5159
2517
4684
1847
-4301
-2165
-1464
6463
-7769
5723
-134
4782
5814
-8235
5910
-6451
8029
-5391
-3434
1020
5491
-4266
2361
1760
8700
-356
-4959
-3457
-4916
7731
-9232
-1668
-6896
-1071
-1661
3990
-5772
-5892
5666
4965
-5198
5021
-1096
8984
2214
4110
-8595
9047
7147
3855
5903
-2252
-5483
-6685
-8214
8295
-2202
-1026
4353
6011
-9653
-9950
-2032
-1638
-7217
6054
3834
3899
351
6389
4794
5887
6262
3960
-257
7829
1208
5322
-7737
2870
6551
-921
-8090
-4532
-8868
-4949
4428
7729
8489
1853
9655
-196
-661
4169
4756
8475
1298
-2217
9209
3404
-1406
7727
8354
7577
-5115
-8103
-5049
1574
8514
8672
8361
798
5312
4177
-8111
9344
-152
-8544
2671
3967
-430
-4245
3875
3937
-705
6164
7358
-6027
-3140
-2916
6126
2925
-2478
-6069
-8582
-369
7762
8191
5815
-6410
-754
1854
-8050
6013
-2586
7683
315
5821
5318
3046
-8693
5552
4759
-9985
-9627
9141
-5981
-5422
9405
-2062
-5801
6709
-2750
-5798
4904
513
9336
-4635
4063
8786
-7166
-5412
-6051
-2608
7914
7443
143
-1438
7746
-704
-3764
9401
-7689
5968
-476
2449
2461
-1641
-4707
981
-9454
5484
6794
-4404
-4230
3085
5836
5602
1033
26
-7053
-9758
-5227
2725
-5856
626
5248
9891
-8301
1992
-6536
-8562
8332
6746
4619
4281
7562
-3170
8697
-6231
8252
-5754
-1949
-6132
-2160
1494
-2030
1912
-9086
3835
3501
-3808
-9779
8430
-7157
6071
3593
-3091
-1301
-5646
9209
-7839
8403
-668
7371
8809
-4120
-8232
8973
8866
-5061
-8335
9592
7631
1216
3501
-9273
-2277
-3802
-9942
-4019
-4360
1646
-9992
-1555
7078
7751
729
7164
9534
2693
4270
4240
-6301
3470
6059
5503
8188
-1316
-2844
-3470
4742
3645
-7058
3102
9197
-3672
4464
7794
-5583
4381
283
7267
2947
-3519
-2304
7351
-3626
3544
-1232
-4515
6762
-1353
8957
1141
-5085
1769
-1412
1325
-950
2459
7747
1746
-9708
375
-364
-4029
-784
3459
5661
-4698
7098
-4789
6964
6647
-6648
9610
5647
-1176
9461
8392
9134
3124
-499
-9887
3119
-8588
3465
-2615
-7891
-6171
-9815
7091
-7897
-4450
2589
4207
2217
-9628
3241
4726
-4612
-9069
-7797
-4791
2981
-6229
-9566
7097
8879
-9226
1240
9008
-6542
6601
1669
2512
5705
2158
2431
6784
9046
-3152
5616
7856
4650
-1899
9228
-88
3057
-393
-3185
2530
-4078
917
-1844
5739
5087
7044
2973
4051
5551
-9676
4946
5612
540
1565
-2163
-4859
4181
1948
664
478
-3193
-1118
6516
4797
7622
3465
-4545
2317
4133
-9500
-583
2109
-1839
2869
89
9351
5634
2958
-7882
1670
-8470
3499
5434
894
5378
7281
8238
-3325
9703
3915
5245
-4613
1627
7791
9135
-2008
-1082
-8603
-8502
-2069
7469
387
-1557
-9884
-5046
-5928
-7441
-9352
1693
-9379
1015
-8337
1877
1567
1632
4323
-5264
-9069
-4314
6341
-969
8055
-1465
-6731
-2288
9376
5304
4089
-1939
241
-433
-9518
-5424
-434
4398
8638
-3710
-5457
-5328
2038
-1692
7234
-8587
6917
-420
6429
1837
6951
8389
3419
6433
6164
9324
2969
4139
5779
-2753
7482
3388
-145
-4956
6742
-1121
-7329
4578
-3831
1677
4775
870
-7836
-7162
-304
-1397
149
-9553
8137
-678
880
1518
-3865
8596
5167
540
7771
-8736
8412
9105
1784
5645
-3168
-4939
4042
-4273
-369
-302
-3070
-8733
-3550
5039
4600
578
4289
-4829
8691
-5511
-9995
5435
3468
4923
7862
9285
-2401
-4513
2732
1350
-8039
-2401
-7608
-897
8867
-5142
-8578
-560
8792
-6161
-5941
-4985
-1677
-8265
9637
-171
8834
9415
7503
-1781
6347
-1028
3123
9095
-2656
559
-5466
-2131
2666
-5298
-6204
8344
3594
-7988
4632
1873
-6071
-444
6582
-421
6703
-3241
2495
1372
4164
5938
2233
1871
1377
1805
-5877
1410
6473
2774
-5110
-3048
-5802
-3301
1558
-6735
6016
4004
-9845
9754
4429
808
-1500
6289
-4921
4427
1169
-3634
-1003
-3241
-6891
-5480
-688
1396
5029
-2538
7476
-9729
4781
-6290
6887
-3803
9893
4338
4039
-8610
1679
-602
4730
9736
3090
-271
7580
1234
-8441
-8426
-6901
6361
-5438
9777
3834
-1617
-6816
-52
-4168
-9244
3272
-1067
-3986
1484
8650
2274
-475
-6636
4252
-5438
716
9305
2713
-4130
2360
-6087
7203
7551
-4368
9895
-1578
-2583
5700
-8756
-1514
-4146
-4545
-4957
7229
3180
-3480
-1697
-7906
-5752
7360
-1239
7327
4562
1574
-736
-7149
-6749
6733
-9804
-9071
-5244
-1790
6847
-6945
-7021
4828
4045
4370
78
4146
542
4667
616
7187
5048
-3134
-1012
775
-6455
8494
-2405
-3530
-4319
-676
-1192
870
6255
-3236
1578
3250
2410
-966
-4681
5845
-4836
2533
-3969
763
1842
-7596
9679
-7236
-2848
2078
2619
7767
9691
-8590
-2808
92
-8656
4120
2086
292
8080
2301
-4043
-8386
-7424
-4581
1056
-2087
-2824
-1402
-9858
202
-3920
-2427
-7283
3197
-9763
-2027
356
1928
-2055
2291
2246
1032
-264
6769
3629
5210
7512
6262
-4260
4677
-3918
-6895
-4554
-9357
-8239
-2290
-4971
3640
1363
5358
-8110
7468
-8547
8569
2196
-898
-3095
-8877
-3145
-1743
-5217
7223
-2146
8882
3751
-7518
9765
-7573
-8914
1227
-2779
7039
2680
1075
-2960
8259
-2144
-9683
4548
9917
-5754
-6309
3749
9664
4491
8309
-2474
-9477
4371
-9893
-7178
237
3498
-4304
-2702
-381
6605
-3554
1466
1177
-1894
-6549
9745
-1947
-6784
-7320
-8049
5123
5122
4485
6923
-2814
7611
7632
2653
-4588
2314
9849
3413
-5592
467
8359
-7229
8427
7453
2290
6729
-3609
-6524
-2383
-3068
2445
-5045
-374
2792
-4987
1727
9221
-9983
-3586
-8903
8030
-1473
-3100
-7040
-5688
-1402
3959
-8155
-2473
-6188
-8817
-9870
-9952
2147
-1413
308
6495
-5502
9013
2516
9132
4575
-4926
5389
3677
-6850
6157
-8197
6136
6808
9778
2158
34
-5735
-8320
9070
3803
5096
-9634
-7033
9791
7384
2795
-5589
7428
-2865
6656
-3813
2675
-1916
841
2065
3558
-1640
4374
8344
703
9092
-9384
-2317
4963
4577
2610
-4466
4840
3441
-9525
-9140
-9822
2596
8603
-9322
-2743
-4063
-9551
-7907
-7258
-1502
8482
3418
2867
-3176
-2105
-3874
-9723
-2430
4719
-4191
1092
-1687
-9889
-5818
5169
2211
2177
-3895
-4673
1708
5762
-3298
4732
6020
7755
-6347
3795
2703
-7935
-969
3221
4703
2369
9847
1258
2157
-2027
149
-54
-3486
-5580
3762
7020
-9441
-6748
-6818
8491
8151
-4758
2010
-5266
5451
-2477
1353
5619
-3349
-4384
6321
-4956
-1725
-582
8170
-2611
-5958
-1239
-6723
3393
-802
1764
-6436
-4181
7109
668
8621
6481
-4067
397
-3671
9652
-4215
-3644
-3955
4001
-1149
6175
-7127
-291
2473
-413
-2365
707
-9853
6548
4089
2675
584
-1265
-650
2276
-6589
2045
-7845
-6418
689
8166
-5374
-9357
-2889
7471
-9919
-4303
3102
8867
4810
-3556
884
-1583
-4552
-3862
-6039
5463
-6956
-4414
7633
6657
6456
-4945
7799
-8301
-7576
3485
7237
-4280
6755
411
3702
-4404
-660
-3852
281
8595
-6317
5534
-645
-9231
1360
708
-52
3691
-3020
-7234
-7851
-780
8855
7115
4732
4029
3797
9909
5210
-4681
302
-7917
-9654
-3621
-5340
3977
9557
-2984
6766
6159
-5062
6437
-2806
3985
8157
-1819
-224
6330
1466
2474
-4192
-3017
441
8320
1146
-421
-2748
-8290
9443
3119
3875
9294
-1942
-3401
6957
-9756
-5688
-5920
6407
-5277
-1401
2078
786
9386
3897
6775
5855
-9216
5212
1159
-3642
5420
3432
-7186
1413
8051
4999
-3360
-9952
453
-1015
-7978
-6286
-8685
-3573
656
-8628
-9546
-4640
1498
3654
9481
6333
8495
3697
-465
-301
-9429
359
8781
6463
7836
9848
2895
-4741
-2301
-7372
-4824
350
893
-4805
-7511
-2254
-2386
-7806
-7264
-6179
-5504
-7607
4877
-4553
1051
-4058
6993
-1604
666
3732
7728
5100
-8532
2891
-3569
-9765
2589
3455
567
-5091
4629
7316
-5005
1027
-1835
-8517
6558
-9126
-4173
-9855
-6353
-2390
1432
5380
-3125
2057
-9733
4711
3669
-1656
3981
9394
-9440
4231
-993
-2628
-7519
1196
-6918
1925
-8065
-9187
5778
4396
-2962
8484
7312
1358
-679
-640
5684
-7037
7788
-5675
9925
454
2848
7790
-868
1953
-8996
-3645
-5150
-5151
3462
988
2092
-4451
7312
1486
-9621
-6148
-8700
-2913
1753
-9974
1984
1144
2959
-348
5568
-3596
8790
-3794
-5783
7497
9475
-6659
-1430
5419
7519
7809
-6343
4626
-2676
2277
-734
4986
-2775
9233
3780
-799
7549
-957
6575
-5505
2788
-3571
-3444
-1447
-6167
6837
8242
-4599
8929
-7256
3543
3935
3316
-120
-1971
1125
