5000
791
1978
650
1563
1879
1814
221
1647
2214
284
987
391
1706
2068
467
1211
871
337
2097
732
2464
241
135
1578
1422
2342
1980
1015
1898
2434
864
1439
1661
552
831
1101
2258
1490
828
864
399
2029
884
1667
460
653
2179
1192
1135
2345
1495
923
1657
562
520
224
783
645
468
1254
1921
1560
756
690
741
1976
531
2091
1574
1926
1653
137
1632
2442
551
1992
163
1004
841
1670
1579
1764
1580
1552
1824
1215
1923
1203
921
1280
497
1448
1947
2463
77
1730
2007
2360
2246
2476
1858
1780
676
290
346
1315
1307
2290
747
2035
323
1535
2156
2181
1408
2196
1374
1023
1597
1583
1676
2351
1617
1918
1727
2251
545
1073
2343
447
412
2291
447
1150
689
1902
2030
256
2274
48
756
2144
935
1788
561
1925
1525
295
1628
686
470
103
62
2070
997
1333
1991
1187
220
1809
1034
1329
120
1939
2110
2131
1436
1686
1079
1460
1847
1984
1919
2160
2293
1844
1436
2441
2192
953
1622
1329
2377
651
2112
2285
1962
868
52
496
2437
560
1127
387
557
534
1897
1329
1847
1967
558
1282
444
2018
781
2275
2105
1280
1341
1645
915
1357
475
1262
805
1861
2244
1481
706
985
1981
472
1734
10
2192
798
1462
681
1769
1668
2041
2370
207
2397
873
735
1483
349
824
1989
333
610
2490
1187
735
1548
2139
550
1882
2133
1778
1810
1790
1821
95
1009
1079
1192
1113
2450
1912
626
74
2013
2188
1835
342
2207
398
830
1014
2161
1133
1450
2037
622
2375
1873
1431
2323
1311
276
971
46
2301
400
2319
2270
2378
956
1337
629
815
2332
1998
193
479
1240
1704
443
1068
2211
2296
2199
151
825
1659
311
1348
1082
1726
1619
1295
1463
656
2476
80
867
599
453
711
2466
83
2183
2062
561
177
655
1783
70
1534
1391
1934
466
46
2297
883
2226
828
1966
2269
2280
1388
1537
1161
1102
815
2026
1270
170
1575
975
953
1660
483
464
75
2200
1286
1322
827
1685
2046
404
1896
10
1068
1995
2382
2418
1794
2290
1877
874
817
120
2131
491
419
1657
516
652
1014
1576
879
1354
1632
2354
2466
16
888
1290
1229
2378
1706
592
1860
1559
1467
1445
172
460
516
262
119
1302
871
914
730
176
1934
14
844
275
1809
414
1911
112
699
1196
499
394
688
1393
277
16
1698
2156
2019
1541
2441
1583
614
1844
43
1571
621
2489
969
75
185
506
2453
2446
1854
1905
2106
1956
75
86
1247
2415
1920
2245
820
1464
440
257
1411
2441
1461
1091
1705
1180
2298
1757
1924
2299
814
546
355
879
1279
158
1554
2019
1144
2013
1923
2472
506
1856
617
838
597
1604
1508
310
904
191
866
1489
1134
807
944
1342
1600
276
358
1808
1819
290
2481
1361
1004
1919
1964
2179
1679
1343
2339
321
1072
188
1415
389
1672
1936
1606
2277
2395
269
1242
1743
376
947
846
991
448
689
1660
583
2147
1963
2435
1292
837
478
625
1977
175
95
1909
1479
1799
931
2382
2022
1114
2384
435
2361
1091
1136
1356
1951
1711
1490
2124
1137
2334
751
1813
103
134
2355
1444
27
85
1604
1871
958
2017
1752
1189
2148
293
793
1875
1416
925
2127
780
284
42
387
863
903
1348
1468
1673
983
1864
1858
29
534
1532
2437
1831
1730
391
579
1553
1784
1474
2427
1965
1393
1647
1332
2370
1947
2045
755
1705
1686
1669
1475
890
1096
535
567
459
473
1340
1662
156
1479
340
246
34
376
1908
652
817
667
1601
308
181
1145
359
1828
1233
153
2405
1525
1353
1792
974
303
2202
54
760
301
255
1012
494
1334
2121
1721
1906
293
804
943
2075
1394
839
1889
1283
1127
571
1767
1295
930
962
1790
2373
1612
1602
2167
1033
2004
1412
797
789
48
1032
1741
2443
2295
1540
1477
1293
1861
1304
2454
1130
2097
1372
1098
714
576
2198
1539
1662
1851
1815
1303
1805
1114
1510
260
1160
1013
1512
1658
2419
1597
1154
696
519
1898
315
1465
56
2075
1163
260
386
1935
1023
857
1203
1919
1319
812
1758
1780
1908
119
1385
1326
1903
1841
1775
1171
717
1759
236
1118
2453
14
200
1358
2004
306
1949
812
426
2216
583
121
1281
1673
714
746
2491
215
152
938
902
532
480
96
160
611
1976
1150
403
763
852
2433
2387
1392
2051
2176
590
2442
2129
1387
1101
201
2441
1641
2402
2283
416
1465
1699
513
280
100
831
762
1935
1326
703
128
2205
220
1165
2156
291
1244
138
2465
1648
413
2330
1470
1994
275
1767
780
1468
637
1475
802
2253
155
2425
2364
938
1552
2171
1134
295
609
1999
401
2056
1450
634
2106
1164
1501
782
891
2110
1538
1360
207
496
1569
578
2044
1048
19
439
1382
16
26
1318
1857
922
337
1598
1883
1176
782
473
1956
1005
2284
985
1732
209
1106
511
540
757
427
645
1687
2334
2353
1352
1269
992
1260
263
1423
331
971
2455
870
2409
1668
86
234
1668
1117
118
1195
1421
38
80
2174
2273
184
387
1832
1017
596
907
515
2324
2332
1028
873
282
70
347
1506
746
1008
1185
941
861
1819
1016
971
730
2391
122
879
2202
780
1882
1599
132
671
1540
2300
664
2479
945
779
2110
2232
1890
1093
371
1144
438
642
1699
2181
526
111
206
1799
934
286
557
2485
1302
1270
1015
2208
453
1876
1737
683
147
2439
747
175
1472
2249
1066
1119
991
1805
2049
1958
1802
2037
231
1858
1536
300
257
92
382
343
216
2015
1746
525
2337
805
494
1855
854
1949
458
1501
1639
2357
758
2228
1589
241
493
53
1000
1009
1505
1301
2393
235
2131
506
713
1413
1376
910
1451
1715
1603
799
2060
1599
1665
1846
2217
1698
1270
1144
167
1808
5
1618
200
313
1395
749
179
1163
1368
1515
1167
1225
867
2361
1191
1533
2073
1950
1420
2440
1018
710
1824
2429
420
1045
884
1578
1823
1936
691
1280
615
954
1700
353
1286
1349
2146
787
1259
1960
1212
727
400
1190
93
1123
1518
2417
2172
386
601
2323
391
1212
2360
692
338
694
1254
789
813
966
1607
1272
1411
208
1679
757
778
868
1661
1829
2470
1532
1992
79
383
1196
7
1978
1277
818
1902
736
1802
384
522
1236
1408
886
1998
1625
1797
1079
549
911
167
13
1355
2016
2094
856
498
1339
1460
526
57
530
1369
261
1521
1920
1598
2362
875
933
419
113
969
1482
337
2272
2435
5
425
908
2192
1622
1125
787
1672
601
561
30
147
1142
364
107
1019
2478
161
2193
948
1570
1147
1358
993
1763
953
2404
313
2312
1281
1427
2379
36
553
73
603
904
982
68
1651
380
864
1309
1839
1876
1001
165
2386
735
1933
2012
862
1942
913
1908
1118
2117
1270
1659
241
1136
2265
1631
706
2432
1440
564
60
1191
376
340
1556
1033
2024
2179
1545
1321
1882
723
2442
390
1995
750
463
1226
222
96
1199
1673
1315
1390
2133
461
1663
1175
224
2036
879
2074
1629
1267
113
455
1346
902
1589
1294
536
1377
654
812
83
296
1210
566
2428
1365
723
1062
612
421
2110
948
205
1135
476
603
775
1392
857
2153
373
2466
2002
2498
1097
232
1747
923
401
508
550
367
1872
1396
2257
227
584
1436
131
2365
738
1506
1428
538
1434
1297
1646
1166
250
1179
539
401
750
1178
2385
225
237
711
1450
44
2443
193
20
838
1678
2200
271
361
1525
714
824
1199
1638
2023
1236
1685
677
2444
288
1332
2185
1028
356
1920
1638
1140
994
1119
315
1536
167
798
2239
1444
450
1605
1418
93
374
1185
999
1281
496
1393
1567
342
81
2190
337
1674
1036
944
1656
1788
315
1737
2147
1931
1550
2322
2087
1134
1362
1995
2183
2453
399
413
1204
1832
976
1797
1430
1710
878
2027
2051
1341
1603
320
361
483
1463
1793
1861
1877
1675
2038
894
1211
1893
2062
516
622
466
707
1731
1143
1803
2068
616
1484
315
911
1937
1088
629
346
392
1434
1598
429
1395
2075
2449
352
1884
583
1396
619
436
836
1344
2482
2074
2384
1763
908
483
246
320
2149
2025
1013
1383
834
1769
2273
892
1461
2402
188
374
1845
2232
1705
1586
1289
2282
928
1917
503
1834
2131
567
2189
2171
1655
778
828
1571
927
371
732
1005
1194
923
2382
179
1608
1540
2044
1804
1166
1589
2278
473
2493
511
1931
1566
2181
2092
1541
1486
42
87
1447
1982
256
1948
96
766
792
1397
2208
1511
801
2038
216
1039
858
1995
802
606
1880
190
739
1598
2314
358
90
1235
2253
790
2377
979
1507
1234
1596
1737
309
2317
1051
432
2199
2090
1077
2218
342
578
911
1740
1530
614
2191
1350
353
1102
252
742
2258
110
943
2036
2202
2294
679
162
1343
776
1288
123
534
823
1201
807
1261
135
652
2445
1783
8
690
2000
1780
700
1583
589
2
187
2234
1536
589
70
2297
1430
1949
818
1647
1883
1233
1260
575
2105
1381
1232
2131
1178
1995
1183
1345
1484
2213
1383
334
1637
1539
1304
167
1559
931
999
445
1619
929
2261
1001
2110
1764
1856
2412
64
1929
197
351
1182
1896
2356
734
1399
320
639
553
128
570
1803
1965
2250
1795
433
1217
578
1338
692
1088
1124
1532
1919
129
2284
1567
87
2362
1002
576
2210
2010
2351
1125
1775
538
281
1816
2235
1062
2242
1583
1739
999
673
161
270
1065
1151
1527
2372
2040
1320
1041
2455
564
1032
2296
50
559
2268
1216
1704
186
817
1320
1382
2150
1629
1412
1972
1481
2425
2310
1111
424
884
516
768
742
2191
1754
2247
553
365
938
1020
544
1926
1095
573
760
1262
1664
894
1211
1650
455
620
1960
2256
753
1078
91
673
90
152
1308
865
843
541
522
2289
1462
440
2167
39
941
1014
823
1493
1561
2322
869
2365
379
622
1604
94
1541
1666
1178
2073
1493
2187
846
1605
360
297
1701
343
552
1899
429
1420
238
1862
336
846
833
1837
2296
291
1532
2120
1704
2231
2207
1083
2459
1659
1125
2021
907
559
1202
562
2121
2252
1045
259
1935
848
2124
1795
1700
672
978
2476
1112
111
1558
944
594
77
683
141
1885
1294
1230
1445
1082
1709
2263
701
1279
164
1728
1798
189
387
434
1465
102
979
1164
488
1315
4
1635
57
679
266
2004
2206
1335
1838
76
446
2394
1882
853
1707
362
224
1349
385
1649
364
2294
107
237
556
805
1249
1964
1091
867
2450
1127
1525
160
2475
436
2404
231
2091
51
1956
297
1682
1652
2024
1790
286
1769
1060
2495
1952
1655
1513
247
1667
1560
1030
120
1226
2287
2369
872
1769
264
1533
1699
2117
743
1206
2221
1930
521
261
1288
781
908
2072
1450
515
302
934
1690
1082
850
1665
55
2326
820
2032
268
335
1246
2105
842
2051
1859
415
229
2492
2312
613
1979
212
246
2049
2341
176
2064
21
1199
656
1940
895
1633
2283
1233
1903
1346
1299
207
1889
1536
2073
2300
2003
1629
1496
641
1790
2279
753
489
626
582
1324
2498
2367
1434
87
670
1
2215
1668
2064
1069
2448
277
814
1548
478
473
415
130
1023
2400
1380
1172
441
2467
800
631
1940
178
694
2026
2333
784
1456
1226
682
445
283
2051
2077
516
1707
1925
2099
2337
1988
2438
122
582
2164
2421
1579
735
43
61
682
798
960
1406
1467
507
1945
1347
1445
736
1585
35
88
442
182
1551
647
930
2307
354
765
1745
746
1856
261
41
1956
1580
2203
240
1280
1452
2004
771
185
1758
1256
2442
1879
2175
1076
845
841
665
2027
2473
326
2132
806
2332
902
245
1572
262
567
1920
916
282
2251
2261
1707
2490
1764
1548
1128
1866
2313
744
919
1134
894
2125
286
1042
1849
2428
1891
2349
1565
2424
2005
1720
1152
241
100
1517
1776
1158
1112
1475
1468
2247
1618
526
1369
1714
400
550
1722
1088
2021
719
795
1687
2463
115
1393
657
2084
1030
1103
2478
2307
318
7
1186
2405
82
1364
528
1810
2172
1361
1288
1261
2142
1303
1140
620
146
1273
1737
2225
193
2035
329
1766
217
59
2380
927
1743
2431
755
2420
2107
758
1192
1647
1653
1823
733
1610
1937
279
1056
2290
2114
2041
2468
2118
11
1351
776
2342
773
632
2282
472
56
1662
408
1112
2315
1539
304
179
1705
301
2201
164
374
1304
2006
2226
1054
2073
1915
616
2040
1408
1814
1081
1873
2439
1188
211
242
1502
2009
285
227
178
1086
2337
654
2420
1436
1355
2323
708
679
1219
978
1309
1646
1160
2011
328
1059
68
883
2111
2242
2237
2491
694
803
262
451
643
194
271
963
2376
2281
582
1203
1845
840
1887
307
509
2479
1609
2452
1948
369
2462
81
780
1925
48
2322
2129
1061
2072
887
1199
656
1695
2116
449
2255
372
1841
2094
2433
1006
1229
1558
765
1952
1674
1680
2495
1078
230
1597
2224
2438
1859
1198
1075
1063
857
2118
1997
122
68
1410
446
352
908
2407
1314
882
1715
667
1155
1837
1994
640
1945
160
1446
2274
2375
2167
1078
883
431
1228
2225
2019
2307
1372
849
1416
1073
541
1449
581
1774
1615
1118
682
1610
2238
2022
2472
425
1812
1235
388
1271
650
1472
2418
455
606
1821
1726
1375
512
1304
298
4
1795
497
1670
754
867
3
2490
2272
1863
1769
788
796
1439
1175
867
637
2043
1416
1252
1796
573
1412
1787
660
1112
1750
1932
764
824
637
1870
2176
1237
2060
1323
1830
1755
190
1112
1883
1469
2034
816
2043
1739
2211
1819
272
60
86
754
1004
282
860
1193
1141
1992
2285
1664
1550
560
1609
1696
200
1263
877
64
774
196
745
1009
1670
2268
15
958
2191
1297
105
2461
1857
396
1586
1206
116
1223
1438
1268
1121
1944
1154
2366
1493
2489
1766
410
1742
816
1104
88
2236
281
1965
1485
381
1668
1621
1860
2477
1561
1809
1387
2124
1716
209
1741
678
1914
1992
1881
2414
2246
1286
2316
1111
1877
449
1480
862
2205
1081
1981
1255
210
290
679
1626
2270
112
749
1089
1739
1092
1709
649
2000
539
2392
365
222
2261
1495
1998
666
638
366
1732
416
1026
1555
777
1719
1773
2211
2294
921
1989
854
1297
1197
1212
313
1796
1464
277
1941
1622
1864
2313
399
108
914
810
749
1592
320
1580
790
443
1277
1736
58
604
1398
411
304
1279
1580
2458
2032
1042
1836
531
2035
1261
543
1410
664
724
139
1123
2174
1021
1468
917
1940
1126
1821
2260
378
1279
540
350
2085
718
2418
138
1552
107
50
1861
1272
643
718
1945
1241
375
1595
303
1566
1470
843
352
1157
1164
2398
1427
282
2059
1361
521
2347
1346
837
448
1370
1189
283
841
2124
2224
2236
2461
1501
68
2268
794
2277
756
269
752
1252
596
1624
293
2329
2282
61
2025
1190
1686
1948
1547
330
2235
1082
814
1996
584
320
1876
921
943
820
2121
2253
2421
2300
2363
1389
2223
534
240
953
1290
1601
930
1973
2084
1932
1349
2084
2269
497
1614
492
655
1439
1906
950
76
378
1546
1192
843
732
1576
1785
1382
1158
2222
1328
1000
1288
840
864
2075
2459
1487
959
542
1531
2406
679
599
2172
1627
996
2445
1758
478
2264
2404
165
224
1394
1206
2415
153
2424
496
1059
461
2172
314
1005
105
976
2196
2489
1812
59
591
1198
1888
904
2382
318
326
646
2102
1413
1023
783
196
1942
1125
1876
60
2047
2135
545
1517
2238
23
943
1339
711
159
1225
883
1410
709
1308
1415
1614
2161
1353
1603
1237
2028
1393
2045
450
2110
1667
51
1706
2258
1524
1443
180
691
2310
1716
2308
752
1664
1137
1189
1806
505
941
1369
541
2111
548
1799
54
800
1143
393
907
106
1039
1180
2324
2201
491
1354
1679
1299
1434
4
1483
2133
2216
1600
521
2184
702
380
2214
1321
1339
994
66
965
2068
1434
531
976
998
116
2103
408
1199
621
2169
2142
448
2134
911
2136
2023
1583
800
1430
1244
1657
2224
615
1887
250
2178
305
1152
891
1181
653
1298
748
118
824
1788
1403
352
206
61
509
1969
826
414
1729
145
841
418
1627
2370
202
2399
2430
2038
2286
488
1487
2435
2154
584
1732
926
646
1581
2122
820
286
1262
2109
1778
574
1379
1423
671
643
1755
1041
1783
792
2266
720
2452
1665
2466
2366
1991
962
1092
1246
1152
632
755
1112
1451
432
716
2116
311
1724
2352
2192
1037
591
2161
920
1231
2482
1056
1781
75
1879
690
1119
355
2281
283
876
857
172
1226
486
2390
1039
738
527
1877
191
310
1397
640
564
117
2000
176
1377
782
346
647
202
262
1416
1420
1998
285
1789
1378
141
1661
1970
2023
151
1782
1357
698
399
1624
432
1602
1971
1618
1409
2500
372
150
979
1703
2031
2141
1220
1489
1319
570
488
914
2053
887
1086
1763
15
575
2495
2157
2288
2411
89
450
1997
1917
1153
1060
1600
295
2467
1626
1994
952
1054
410
1974
61
1883
1274
998
626
325
423
2167
342
2421
238
828
574
1941
319
523
74
2190
1219
1048
2141
1386
1820
1057
1466
1545
1533
1832
1184
793
1243
810
2145
844
180
1738
24
277
90
2248
1449
2178
384
1395
2008
1621
874
602
1541
1910
735
1043
895
2386
807
1842
654
1553
794
2367
954
1157
2042
1352
2422
476
830
1803
1552
988
1031
1011
1420
604
2084
1523
1087
2350
2183
1549
464
67
2328
1313
1325
1521
150
1219
2452
1490
1918
694
266
1447
413
393
2289
2115
1434
98
1454
1939
2411
1738
379
1376
124
2169
851
72
364
2228
1050
527
492
1813
2137
1454
1601
1646
1568
2452
1886
16
997
342
376
1025
1915
450
2344
73
217
2191
1067
1235
2032
1231
232
783
1689
1475
156
2133
2156
1742
119
2389
1852
2317
187
819
1556
1948
2028
1896
1219
636
1527
601
2246
37
2383
1016
485
2287
1751
303
1229
2462
1435
78
1749
2367
1652
800
970
782
867
2087
2373
922
1302
2316
2337
2000
12
2269
1702
2109
453
137
172
1680
2247
1253
276
793
2317
523
629
2346
295
1870
123
458
38
1177
2029
1744
1319
2099
1452
521
1618
1840
304
1629
1779
2130
1879
1840
738
2333
342
1699
286
1485
528
307
1107
1741
1804
1408
921
1211
1251
1597
57
1860
724
2375
826
1741
350
94
769
1158
450
1522
286
1894
844
2091
1212
2067
1131
267
2455
1609
1567
2108
1585
1557
524
883
1491
2165
1921
655
2373
1771
1747
1202
844
1692
700
1184
408
629
2095
837
589
1780
766
867
380
275
2129
1220
1047
2434
1959
762
2289
1257
533
1549
327
1662
2310
549
1665
2418
65
2154
2330
2326
824
926
1264
1391
1294
1986
718
2361
257
763
1540
2017
1624
243
466
642
1715
2388
1266
731
20
1556
2373
2220
1786
2404
1779
2349
910
2151
2397
215
1208
506
2487
663
716
575
2410
640
1224
2108
2422
1052
2157
432
1801
962
2234
1586
1031
1626
407
818
1246
2096
2119
1432
2358
1249
1560
1249
2255
112
1342
1166
360
476
556
2159
823
2164
2141
2179
315
1803
1960
1587
1888
1027
651
1877
1373
1927
1313
1373
1635
339
2405
220
665
2177
1915
1280
110
1590
1998
1345
597
1603
1994
175
2478
958
1199
2259
2067
1681
1595
506
417
1784
2156
704
524
1681
777
483
329
1517
2259
744
2341
730
127
2304
2246
533
1364
70
896
281
2313
260
1509
1509
478
767
1979
1782
1314
146
2052
2137
1066
673
573
2015
1232
1503
709
2059
1325
1235
197
699
2367
2146
900
1223
86
2268
910
855
1518
563
2055
489
1300
421
1257
860
11
508
989
1566
1997
2179
1279
1224
368
281
1117
2355
2266
96
2275
1076
946
1497
241
808
364
2141
172
1604
745
1304
834
2008
576
1373
1628
2226
791
2399
2389
3
2246
2099
577
793
1675
678
1592
108
2097
723
1857
989
1337
1137
1878
1644
607
378
1820
931
746
2375
359
884
1031
321
444
1055
2203
512
2060
2357
1246
968
2217
2410
1441
626
1680
1261
1839
901
1742
804
1054
64
2027
2294
1971
1854
1987
2010
1777
1732
880
508
273
2070
222
176
1267
2316
1803
2486
1576
2154
1195
1765
1904
975
2017
782
2000
1650
2329
1658
1404
2291
2333
428
1412
1681
1525
1693
933
952
493
358
1875
2320
1392
184
629
1664
767
1748
197
611
1169
225
1996
1199
1713
466
1430
1954
1472
1235
2332
2433
1117
2407
2138
1454
33
186
2321
1465
570
559
1984
1881
2073
1437
1229
25
370
1103
1553
1802
445
1497
2236
1768
202
2399
441
1563
2234
1682
701
423
1352
755
2118
2451
212
1510
1371
1212
134
1693
85
578
926
774
1781
1847
1909
73
1064
803
1911
1207
502
317
939
989
386
1742
48
1333
2022
1339
2228
1387
882
1824
1698
1857
945
1163
1510
882
2209
262
2465
1872
1
2104
333
813
1307
1311
512
1143
770
370
1044
1280
648
148
2165
1828
819
213
952
1053
1071
171
1446
1316
1118
722
1495
1445
2206
1641
2358
2221
693
1622
917
2111
560
408
1547
342
380
281
1255
2371
924
476
775
405
1176
531
469
1429
707
1489
876
699
2489
1059
1191
416
1679
500
2199
1708
1096
458
756
569
565
1800
1440
2131
2283
706
2146
1077
182
435
814
2489
1173
845
1858
51
1433
1809
2420
1956
1381
2162
412
1875
1366
635
1293
1613
332
469
895
2204
1299
586
2253
1027
463
1205
1334
1756
1323
115
1174
2390
1364
450
539
2314
130
378
309
944
915
393
1929
1865
1936
1887
997
435
1039
1286
902
2258
2390
1183
1500
1388
2280
2081
2138
2150
442
2448
2280
2166
2257
1037
1139
1556
1955
1681
1857
478
1748
158
2169
1426
392
989
1483
1006
329
1926
1003
842
1574
835
2121
1225
953
1040
584
59
330
2176
1246
539
2500
2141
2382
63
6
1072
941
915
459
1805
1062
1488
1704
906
979
510
2080
2474
938
243
1350
1405
1715
504
1805
1575
685
1205
2227
2081
831
183
278
1624
1032
739
1573
441
1284
625
1637
326
1572
1076
337
1096
1251
1068
1493
8
1267
694
1309
566
543
244
2239
568
274
1007
1308
1340
1503
993
782
444
2382
130
1413
1660
2082
1845
774
1111
2369
1961
2211
718
410
1794
2228
1469
162
905
1668
1112
1391
1799
127
1656
119
1373
1123
1160
2201
906
697
590
686
1789
1600
815
2292
1997
1111
1288
1501
1680
1280
1688
580
1276
1046
126
340
924
1384
1869
298
1561
1859
1942
2013
497
1054
1877
2238
492
1671
661
845
2181
324
2181
44
1132
89
2127
57
1318
1427
1507
1656
1222
1806
1375
533
2454
1082
724
944
323
621
1648
745
362
936
2197
898
2343
2467
2207
1755
1148
1325
2259
573
1392
1781
1777
771
1713
2415
614
252
508
2370
983
1169
819
820
366
2368
472
675
2081
1781
2209
1864
990
2083
1692
2172
1144
497
995
1133
1393
1789
1514
1854
1617
1110
180
117
529
498
1033
1728
851
994
1562
1533
2028
383
2016
160
1015
1645
1541
1704
2328
1691
479
1590
685
360
2114
626
766
205
916
1365
1098
1761
799
2122
760
713
1550
2200
447
1606
1740
876
2060
1074
781
432
1495
781
152
949
2207
1541
1897
719
2323
481
396
1235
739
1717
538
54
1541
1186
14
2058
546
1561
174
535
1515
1253
806
395
852
1627
163
334
416
1253
106
417
1323
2094
1015
202
2249
1523
520
2234
622
1690
2135
1878
100
351
2128
462
746
37
990
1757
1850
423
1556
1775
543
1663
169
631
1218
1622
2375
1655
2036
2320
79
203
2238
1252
320
1412
1769
1587
2165
1594
808
240
161
2403
2348
2302
2338
2117
700
942
1778
2029
295
1801
1938
924
641
1603
2117
2203
2366
1043
1388
29
1266
1548
361
2371
2360
2275
118
1621
921
913
591
1398
382
2436
1315
1432
864
387
1650
450
1066
1630
112
358
152
1461
1626
1793
103
1692
1705
1977
1416
1385
290
1675
1060
280
156
1755
2203
1750
1753
1455
176
967
277
509
18
1092
438
2343
1595
947
249
457
997
762
529
2341
1
2028
97
607
639
1366
351
1427
66
813
818
120
1739
1377
2412
2071
1703
2265
2297
2454
996
1340
134
779
1919
2109
1756
828
1272
87
627
1798
1947
1725
589
2099
1704
829
779
1573
2482
1522
2392
1930
2230
294
1192
330
5
103
1289
11
1726
2198
1220
262
821
1860
626
1505
943
1782
2179
645
654
1851
932
955
1312
500
297
648
2042
1925
2143
1003
1716
2080
957
477
1088
1319
1984
1847
1575
156
2215
877
559
1826
2419
991
1229
246
1000
1513
1596
1748
2046
581
25
2401
1858
1971
2260
865
1066
2150
928
1193
676
1367
1794
208
2260
1549
1665
1241
1738
82
121
189
1914
911
2103
1829
849
1733
494
1650
579
60
1641
1839
957
2043
2482
496
2383
908
1506
1015
375
448
2283
1174
26
1730
2036
127
371
2378
267
1106
1798
861
94
74
840
1041
858
883
328
863
708
2260
651
799
1342
681
2060
317
2054
2152
1087
2447
2328
2431
1151
732
711
2123
1175
891
1333
401
1387
1353
1067
1985
419
331
2165
2491
1835
2045
1446
769
450
893
1405
953
614
926
2016
1358
1200
2238
2149
1671
1703
420
713
2070
2022
1077
1527
2438
251
1377
1770
538
1280
731
1511
890
1142
366
429
1478
1038
876
1328
2314
2475
1979
646
779
1697
2412
1806
1344
106
917
754
1612
550
1008
1315
2098
1916
1492
1306
1819
2115
718
2219
165
1388
1466
149
630
504
205
1016
1331
95
2462
386
501
917
238
339
433
680
1161
2008
1757
1486
1423
788
22
606
391
943
1445
2028
1614
1056
2339
779
2292
1622
550
132
1517
519
1435
665
1286
452
38
526
1754
1790
788
1822
1097
562
385
843
2224
1897
1155
729
1528
704
1027
1801
740
819
2295
1724
2038
747
421
273
326
78
1878
2438
1378
1903
362
2283
2206
235
1339
24
294
939
463
1462
1930
2392
411
1074
203
1913
705
2025
2341
1769
1169
395
448
307
1925
612
834
752
314
1087
275
800
931
1626
282
702
1549
1492
290
297
1054
2201
2233
960
1961
461
772
2054
2065
1439
104
2423
1792
1693
1537
95
1929
2454
2089
320
1572
1479
2046
473
2243
2015
1432
496
155
1282
1297
322
1494
263
2357
135
625
1733
24
63
1739
34
910
1218
1993
2489
2074
1340
1589
317
1827
60
879
1989
1926
598
452
379
744
1939
195
2410
528
2306
1295
816
1608
1673
1963
738
1001
952
2063
435
879
2063
1683
1324
1908
105
316
324
1751
714
2107
72
1900
579
458
1729
1926
1166
1805
1745
857
2238
1100
1613
2163
2225
83
138
1883
2276
1799
1986
2014
1933
446
2389
356
1316
2140
1027
1112
2184
422
370
282
1916
1730
638
2410
1600
1111
1064
259
1412
1778
1553
2295
1943
309
126
38
1945
2194
1489
810
2359
2030
916
1233
1993
1061
1385
117
367
58
826
1477
1758
1665
2335
1115
896
2018
845
566
421
2146
1986
101
1721
1630
1272
1902
23
2428
409
2302
2492
2446
963
1899
1322
2417
1701
2261
2194
673
1298
996
970
225
464
2080
1469
1043
331
1522
1339
423
2490
661
1794
1017
786
2407
2331
619
2364
478
2421
1945
1638
97
2018
294
307
740
1008
818
1583
1003
120
649
1114
1172
2277
516
1291
1028
919
131
1525
2279
1189
1331
242
1259
269
2212
787
1364
2006
1341
1965
524
1602
562
283
947
1119
1570
1835
1287
1853
889
1728
2385
454
729
792
1215
1809
2387
1818
2368
1575
482
213
2272
973
708
99
299
2186