9488
1260
1133
1200
4711
4055
3957
3490
18
5087
4772
9114
7975
5205
937
4472
3181
8912
4147
7
6181
2854
5302
5217
5895
9865
8549
2862
2285
1674
8438
7263
4418
5106
6479
8399
4280
6730
35
1932
7391
871
2439
4312
665
6510
7397
6107
677
5195
572
319
9813
5656
1850
1843
996
7974
4220
2036
5974
5335
2865
7559
4536
8369
5688
7204
9260
334
483
4480
1794
1620
7447
5190
485
7604
3096
4559
5750
4380
2318
3579
783
1364
6221
8345
3250
9515
5901
3900
8146
467
2169
3715
1793
6730
6303
141
4348
2081
3904
6792
66
390
7699
1604
9842
7778
5033
3092
3857
7021
903
4933
4428
3820
9193
7729
8187
4702
8016
4505
6324
3085
84
6815
7695
5985
765
4772
5928
4773
9255
6469
2146
1282
539
627
7460
9002
7154
1478
6807
4691
2518
109
2114
7409
8900
6772
8017
1375
3118
1214
8568
2726
886
9015
6870
467
7900
3200
821
3968
9100
9568
1351
8958
8131
7355
6825
7776
2423
5843
5630
9821
5221
1354
4437
9511
4088
9278
8838
5368
1161
7827
3123
4448
7719
6754
3364
758
2892
3543
7117
7786
7416
3161
1739
8151
2652
3884
5949
3902
54
5900
2892
3128
9007
1904
2008
4432
8707
2208
1478
3058
5480
7179
1181
502
622
3135
8871
9913
850
8033
2324
859
5518
1287
7416
4725
685
892
1137
16
6429
7895
5169
9896
1706
1389
4052
2665
3171
5614
4513
5128
3265
9505
4274
2343
9268
791
6044
4762
1437
247
657
638
8226
628
4817
5451
1804
7517
4754
7974
2825
6238
967
5461
8471
5367
9833
5590
5602
1707
1071
7912
517
2712
1232
2909
6598
6978
1443
710
942
8840
8846
8331
5893
2086
85
1854
4410
7974
3470
3671
8152
3008
6498
3927
7913
6610
9887
2569
9838
4105
1324
1778
8905
2402
7154
9523
8660
9948
9209
5177
7489
2102
3967
5914
3463
8371
436
4208
302
4919
1894
4818
5636
4380
4845
3176
1505
9711
4156
6328
3252
3097
3388
7705
332
2992
6033
2224
9515
809
8717
2342
4747
1006
296
3408
994
6745
9692
1871
3970
7888
6707
7201
5565
7916
3428
9655
7183
6733
152
7986
8066
748
6283
5026
3147
6504
9352
7198
9659
9510
5022
8372
697
3745
2121
2532
3007
4413
8265
762
3964
8475
6802
8770
797
9127
9895
74
2596
8114
8319
9251
9605
5294
5687
9475
5153
8977
1161
8637
8454
8434
7280
1464
6403
2069
6468
3936
1552
2957
5139
3416
9359
8859
4354
8635
2574
7335
8190
209
6555
6370
5266
4513
831
3330
8123
876
2746
1657
8708
9138
5078
3477
206
4837
4362
6313
9888
6270
6859
869
2742
7582
4920
8397
7147
1266
6046
9751
6721
7182
2156
9123
9149
1007
34
3881
8371
2444
5835
6439
7928
8305
2065
105
1201
6727
4629
5214
5655
1252
423
8040
5663
4230
2290
324
8890
2954
1294
9459
2560
4844
7469
5034
420
121
6526
1800
6836
4120
1719
1448
8842
4978
3862
592
85
4869
6317
9828
9437
3741
6318
1235
7127
2187
8651
5783
6032
8980
8818
4338
1963
1906
3246
5628
9542
9952
7385
4545
1541
915
4774
6777
6737
7591
2516
9190
3943
8900
1364
2996
1341
2340
3084
1275
8055
8029
3559
5354
7502
9333
8699
7435
2552
4510
3405
1501
2829
6040
200
9698
3609
9799
7955
7392
3001
9468
648
8341
4005
2625
2972
217
182
8483
148
3906
7946
1364
9227
9730
5879
6639
8818
5156
9427
9451
9306
9066
5199
4867
9258
9624
7863
1576
5479
8645
5011
5114
7736
9965
6377
2909
6104
1800
9387
5035
3187
6154
8212
1028
8246
2694
4171
6475
8104
4285
2737
3247
1938
2213
9078
2994
5704
4013
4763
7677
6045
4109
9485
7533
8702
3438
71
3138
2088
5089
6908
1486
7998
4175
4589
7914
4745
3884
6636
4331
3089
6003
2633
8625
1894
2574
2813
9431
347
1387
1133
9039
9473
662
9699
1969
9695
8375
1566
5047
1743
6981
1887
4749
7853
5273
4159
2390
9097
1804
6998
321
9438
5345
8856
722
9051
2864
9329
5929
21
8096
8778
4313
9918
480
3642
1374
6316
8043
2242
4668
8318
7368
1817
2932
1449
2797
1535
2675
2521
7889
4308
7935
14
9439
9421
8001
8555
4847
2756
5429
5820
5243
6443
4498
3010
389
7483
3104
3959
5529
6241
3590
5038
1518
2321
2300
208
3106
2422
8794
2522
2469
2568
1043
3487
7212
1334
2064
2531
772
1437
6827
9203
2291
4176
8556
6720
3602
3032
6066
7317
6437
8041
1605
5104
1371
3480
7562
4251
2589
2586
7554
3802
8500
2803
5815
5191
6870
3111
1975
248
3147
7828
7019
4907
1879
6498
2583
7500
5446
4335
1843
7010
3953
7545
9377
6665
4574
4860
6895
99
6217
5874
2471
9324
6733
1056
2220
6270
5006
7867
7861
3202
9561
9088
3388
5523
2144
2742
8139
8356
2270
3732
8266
7144
961
1593
1626
3764
2321
272
675
2057
6823
9174
6846
1899
1053
2625
9896
646
9781
9830
4350
751
8800
6864
9201
1995
326
1431
4411
6268
2262
1612
306
895
959
5255
242
3109
4526
459
9305
5087
547
9789
203
1843
9718
8301
1159
4478
4241
9608
1474
1236
4154
2181
7774
8447
5695
6284
8305
4995
4453
518
1514
1407
7761
6546
6040
3326
8484
4375
2529
9937
4823
8281
3742
1083
579
9595
5983
7654
3410
894
7958
1707
7369
945
4563
9275
8692
7384
2306
8599
1056
7083
9061
8945
6995
3410
744
7694
7763
1532
2137
434
1836
4245
1892
7611
5890
6873
4127
9762
1818
2851
5951
3421
3269
6111
455
5626
9442
8402
9907
5309
7438
8338
2450
7612
2263
6716
1604
4490
2268
5349
7407
3258
6991
2595
8349
8237
8349
667
7647
9453
9968
3644
832
8778
7422
6100
7934
6959
3039
5002
2647
5847
6483
9300
3070
7275
4484
820
5076
9376
8372
3365
8522
5194
9624
2726
8601
4181
7695
6985
6682
4640
7976
6941
7229
8177
1479
2882
4990
2512
8169
1836
8099
3395
1522
2162
2643
3439
3419
7030
8909
3045
3667
2082
2806
1102
2848
6040
3767
4060
8184
4397
4554
3423
7342
6250
657
9527
6906
2852
6942
3805
1120
6880
2646
2920
2207
9535
7386
4619
2587
6804
776
9138
2879
9578
5737
7113
5866
4568
2735
3739
5806
3222
8244
6537
6692
4649
598
5723
3199
2032
3339
7117
5015
7718
7993
4043
5961
547
6176
3607
2779
3629
8255
2962
2889
6444
4603
8431
9138
2760
9702
5528
2704
8323
5659
9329
6729
9077
5204
2800
1305
6195
9963
3704
9904
971
5021
456
4359
3160
7159
2571
7627
9812
9693
1865
5664
8925
6577
4372
2204
3965
5918
2801
2788
2079
7655
9808
8651
4647
5546
3029
8447
5902
5254
9664
615
5711
9114
6821
7441
3585
8146
4056
1902
7894
5402
1805
9541
6587
2788
5474
6445
816
4774
805
430
381
3069
1102
2050
1241
2787
5731
9990
4633
4763
7330
136
1024
2570
8961
2892
8196
5302
4786
4862
7434
6788
2445
2823
8477
6477
6893
6295
4398
2382
7240
4351
8286
5888
7308
897
6596
5254
5112
2892
6191
3481
5468
2097
7659
6171
3483
2094
587
6135
2937
4747
73
719
623
1589
3081
5055
8595
9362
9951
8104
9875
5501
9271
9304
5298
7253
3084
3095
4316
3011
5310
8242
1533
4679
4912
1120
2070
2210
4047
9024
9351
9368
2131
7076
2468
5023
3783
8596
613
3739
266
3149
9362
6265
5596
6087
9924
2641
8481
5982
5786
9343
284
3042
1924
6792
6916
8557
7970
4984
2908
9774
3062
1225
1784
9298
494
5208
9736
1270
450
471
5808
4544
7987
2422
7299
9087
7486
6416
5928
1495
6520
5252
5098
8167
4479
4402
3760
7851
7744
3028
7991
8530
9233
9317
2878
7936
2264
1905
6067
3606
9333
5057
4357
1974
5463
8036
5853
1614
6533
4640
3814
2013
9200
7482
3551
6060
4570
2130
8998
4523
3504
8831
406
6190
8177
885
8611
1018
589
5536
2843
8788
8870
7550
9228
752
1943
9888
8103
7616
5536
2411
8315
8531
8114
448
848
8475
1525
7229
1109
8732
6776
1078
8597
9815
8146
8659
1542
3355
8115
3699
1823
1039
5934
8257
5777
7583
3643
7162
343
9527
6060
3390
3969
5319
6384
5401
3306
8263
9398
3908
9172
6481
2163
9047
6929
1703
8409
1928
5539
7833
8290
2302
9768
492
5223
9855
9795
3800
4195
6957
344
2867
4681
5931
1857
8428
8610
4696
7083
1587
5601
6643
6449
1708
3213
1859
6156
8415
3021
4844
4716
26
6837
509
9688
3805
1185
4684
7604
7906
2374
8594
2554
4244
3679
2461
3806
604
2309
2122
4533
8396
9538
5925
245
7425
7956
2342
3872
9592
6584
7216
1763
508
7505
8484
8708
8408
239
8902
1375
5721
6923
7338
9875
3918
4019
228
191
73
2289
2646
6605
2367
1654
5735
9909
4201
6607
4849
2503
6001
7315
5719
1388
3340
8924
2783
2472
8303
8618
9565
1880
3128
2743
398
2136
8876
4862
8380
3655
3514
7556
9528
2258
6300
2282
5516
605
7009
1857
1564
4445
5041
413
9793
628
4027
6651
7027
1273
9556
3851
5679
4988
6656
1815
2323
5704
5353
8461
631
6509
4696
4271
8495
1600
3079
7982
6742
9651
8120
695
4184
1899
3485
58
2471
2129
2514
9965
9473
8824
729
9923
459
6075
7557
1485
6390
9554
4846
3752
9974
9906
4768
1131
9077
5773
6789
1451
9148
7414
6218
8322
2789
4402
1067
1669
139
1739
6878
3226
28
628
857
4161
916
5917
5408
3554
9913
1835
2312
1319
4850
495
2587
2982
8581
906
467
8811
2314
9685
6185
8282
5084
7560
8077
6194
1611
2316
6097
5970
2245
5172
4239
4586
8314
2927
461
1160
8753
2332
2066
3349
1252
3739
7354
23
7261
1733
2715
1336
3590
4357
6176
2557
2266
2762
9627
344
2520
3512
7844
2163
3049
6620
2839
8720
2268
6346
3776
3403
9478
6587
5103
3546
3162
7714
534
7373
7996
3044
6845
1552
5119
2347
1302
1096
609
7760
936
9260
6177
1694
4225
5519
1914
3907
6666
6105
1465
9897
1302
5646
8992
7126
7846
9501
8246
6878
5501
7941
6555
471
3409
8051
9988
955
1112
9243
8648
1717
3235
6299
9734
4733
697
3174
3262
1442
4256
7714
2226
4948
800
4631
8169
4276
73
4886
4463
4450
7978
4854
7782
2270
391
3366
7985
7616
3440
4430
3957
2137
6111
9655
2337
9320
3582
8799
7322
1100
5119
6627
2892
1499
2784
9010
7495
6599
9132
203
1465
3857
1038
9552
1946
1127
1134
1374
1713
5225
7246
2157
9216
4501
7071
9992
9971
644
1036
1298
5283
6380
6657
4407
9141
3822
9407
205
4839
3792
7876
6925
159
2198
4705
7199
3183
412
9811
6479
9436
2705
2884
1024
4163
7055
2341
9311
5282
2659
4590
5350
4372
3583
6688
4734
9388
7783
8734
6171
7369
2432
1617
5222
7048
6341
3259
8443
445
1481
1340
5203
790
2447
7191
7111
9509
5782
8695
6981
3955
7278
7962
6506
561
9221
7622
9668
8300
4191
6986
4910
3060
5361
3676
5176
7536
6823
5101
7011
1986
7562
9498
7242
3320
4189
8489
6041
8122
1744
8201
7039
4474
5562
5860
7980
9770
6099
2528
9699
4141
1596
5250
7502
8893
9802
9176
1216
6489
5664
1515
4597
7318
6419
3664
4213
3295
7430
6462
3224
1467
1519
4710
3544
7443
6726
2928
9919
5050
5815
7258
2857
2718
494
8098
6432
2143
1608
797
1585
4602
9371
8347
9902
9173
5555
3173
4035
4963
2394
7368
5628
2798
243
940
6748
3976
6408
7865
7965
5848
3819
3097
1816
8684
5892
6757
832
8135
9294
4015
5760
6762
9555
7292
5408
3850
5014
862
1883
6529
9957
4211
6424
7652
6144
5414
9164
4227
3039
8076
9848
5040
668
593
3244
8685
7834
8418
1040
2342
3169
9742
8476
7623
8110
5885
8825
9393
6743
1375
750
3187
6102
754
3677
561
5327
3652
8958
8017
7688
2199
4160
9524
2555
5883
5173
7791
6163
7569
5403
2072
7552
9521
6961
4610
1482
2571
7916
6903
8944
2690
6228
3534
349
3816
5441
2088
4758
426
5598
5110
2280
1912
9485
449
6410
9516
1245
6351
9823
9279
6974
6249
6534
3728
3678
6055
2217
7072
1050
6787
7966
605
5456
4775
5730
8612
3256
3185
8962
7834
9899
9963
7291
6547
7733
9925
6703
1086
8899
9134
9715
5276
3302
4328
3645
7015
574
9690
4010
1059
9668
667
4471
4683
916
2165
6441
8203
8699
123
6139
7883
5201
6786
8503
9120
3257
9027
4472
9781
3494
8489
5381
4066
3667
5684
4379
3033
5269
2900
1766
2600
3918
7440
3062
6901
6290
3162
1918
9956
9945
5935
446
7818
1926
3820
9242
9210
570
44
5430
733
1636
4735
4961
240
5144
7408
2068
6232
4938
2436
756
5058
5805
6384
3737
5282
3369
4623
8301
3265
4874
2432
2664
9090
1320
5717
3837
6453
281
3133
2317
9419
1588
805
6554
9302
9596
3837
6900
5943
8167
9861
7384
1027
4289
9464
4036
7066
2028
844
8367
4377
4028
3469
7872
3170
9928
9459
6791
4040
1936
3169
6166
6122
5285
5728
7304
3838
5980
8634
1501
9047
1494
131
577
7369
3830
1529
4662
5072
5554
1492
6065
7460
3168
1586
2683
159
1330
9324
6470
6982
6809
4591
4115
1088
5681
2613
4521
1183
3518
1540
2729
2197
5013
4334
3732
830
6968
8233
5091
1024
7379
3800
7588
6169
6549
5337
5723
4061
3374
6770
9265
6499
1134
9071
6408
9691
8849
5240
6001
3368
2731
6891
5443
8252
9509
8378
2126
9072
5617
1708
196
10
2296
5610
1160
7140
9170
9274
2861
3474
9270
6861
5827
2618
9454
7587
2347
5844
6906
4159
4907
5880
6481
8997
1188
182
3388
6526
5142
6791
7293
8169
147
8209
2052
6675
806
3717
2028
8124
8206
9614
3833
3021
8583
2669
194
3042
7499
2652
1167
2754
4504
3412
3396
381
5018
2850
4497
2641
9946
7897
7902
217
7289
1809
260
1681
6060
8594
5323
7699
3139
3079
6036
6888
4486
7106
3630
7496
6497
6235
2231
7376
1814
4398
9010
980
6225
4081
9367
2657
6036
3240
9162
7287
950
2278
8809
5584
4982
6067
876
9525
6002
7302
2049
8420
391
8006
9197
5262
9452
155
1407
8481
9738
6324
6361
2821
5798
1292
1309
6002
2320
7301
5719
652
5088
8877
2032
8229
6333
2511
2758
583
8979
6925
8227
9156
1765
1459
5647
2888
4302
1382
7862
786
1090
7483
1534
8728
4272
1943
9692
1864
3781
899
9294
1642
7809
7791
6148
4620
163
422
7627
6809
8036
4681
1612
5285
2720
8917
6272
4774
4338
840
3751
4808
9671
4909
4161
7837
860
3780
1481
4510
3369
2646
3478
2369
2102
7366
2191
5407
9262
916
9057
3007
2706
5479
5391
2138
2879
6958
8294
5063
7975
3640
7367
2790
4578
9830
2745
8731
147
6138
5919
9344
7079
4381
246
6391
3930
3584
5088
25
7484
6084
9389
9995
5219
1032
9870
9410
8109
1291
3996
6441
8349
362
5902
8936
7605
6961
3849
3991
5251
5077
7289
9166
2604
890
9867
1129
4658
6530
9856
6362
5716
4526
8609
5225
4198
1179
3274
8793
9529
1442
6995
5837
8309
1600
4679
4623
9727
8614
1558
6854
8269
5311
8828
7335
9431
2102
7789
5086
1026
2089
8535
321
4005
7561
1004
6065
9685
6852
7330
1950
6521
9238
552
6532
9215
5781
113
1532
936
8093
6436
4710
3779
8910
2473
5435
819
449
6786
400
4934
7861
9310
1688
2922
2197
8152
4524
1860
6970
3554
5308
7265
9998
6030
5488
582
636
5106
5470
3448
5799
4430
4122
2526
6329
2612
9955
6579
1430
955
6725
3374
4160
3502
8867
9928
1142
7397
7087
4921
5820
1927
2976
8439
5875
7891
5626
9315
8534
685
2981
6662
1775
8872
5154
5232
5524
6866
2285
1569
2192
9754
4380
3732
7519
9029
5299
7269
7258
7402
9381
7628
3655
6475
7393
1534
6274
970
9740
2461
5813
2277
2100
9904
3063
8661
4657
32
7323
1910
8152
7170
9246
9891
6677
9428
8748
1957
2276
8904
1649
8877
4155
1573
4694
2381
4029
1579
6233
334
1834
2056
9178
7363
2887
1364
8625
5323
3649
668
9511
4409
5114
1403
7142
2238
6437
6803
2760
7716
7726
2149
3626
6402
2588
2490
9207
2163
7885
5317
9704
9877
1834
7060
7911
1468
4987
2624
5242
534
7091
157
3622
2171
4555
6202
4126
3600
1951
8997
2455
8134
5163
8504
8508
6356
7514
5986
7984
8186
9978
201
1444
8630
1584
997
4699
9519
9460
9902
183
6764
8460
1800
1065
4045
3667
7098
4262
9629
2481
6518
2245
7780
7077
8188
6555
3835
7996
3395
9426
5789
5987
7033
776
3139
1043
6896
9922
8239
7933
4995
6909
9656
5176
5192
1392
3350
5073
4238
4752
8934
7288
7553
3688
7480
4107
6077
888
9955
8104
5848
6603
7017
845
5886
8813
6545
8810
4508
4484
5523
1678
9611
89
3124
8018
4363
1498
4916
3381
6521
7414
210
4063
6758
7641
5558
1386
4184
5946
8442
6428
3418
9277
4266
9021
8315
7313
7022
5185
7830
2007
1543
9501
3072
9369
3592
6534
1772
4877
649
4564
6503
4477
6922
223
7798
8306
317
4232
9134
1583
8943
5499
3452
5997
1887
3334
6278
1998
6635
8870
7749
4243
5374
3794
7246
2338
8899
2946
9838
6991
6632
7469
657
6186
2371
5745
1044
6106
8150
2850
1221
4515
4691
50
1753
9404
5866
5076
3805
4725
7876
1247
8065
9101
4765
7369
2226
4142
9027
8229
3618
8680
5711
8944
7885
6144
2680
987
4488
1916
89
588
2728
8893
5914
4348
5163
5480
4242
873
3110
8852
6519
8964
6359
6304
3614
1572
4531
9493
5254
4049
7439
3709
7997
1574
1889
5086
5133
1328
9120
3315
8502
7207
3056
609
268
4988
5785
405
4384
9363
7491
9305
8447
6861
6280
8074
4630
5137
7345
6230
9844
3984
6233
9304
3025
2251
4657
7455
1894
354
9145
420
89
8779
1360
7620
1352
1036
6818
1467
1893
2961
3085
9266
4035
3199
7006
8801
2397
9543
4554
8911
7024
9596
8859
4522
1923
4874
8903
7138
2211
7778
6849
6387
7174
5971
8776
2850
2256
8511
8872
7932
3995
8082
7741
1718
1699
1961
8180
3280
7925
6724
5812
9369
5446
3161
6327
7087
2988
3196
120
1400
4925
7334
670
9453
6047
8424
5433
810
6714
8994
9909
959
5773
2705
7114
6002
6041
6363
2199
8216
9965
5085
4490
5817
2503
5944
5505
722
6954
1841
1398
5553
5966
6868
4339
2312
2137
3008
6029
2005
3670
9878
4095
4230
4186
6605
7105
3533
2403
747
2074
4509
5334
8867
6897
7679
9204
3598
7995
447
8032
6025
8203
4803
9875
632
4186
3210
7560
1528
679
2118
1557
2483
3512
2862
7987
3563
6158
9190
9524
3634
2090
1962
2596
2627
729
8646
735
6751
2494
4479
4402
9919
2405
497
1818
7100
221
2793
3916
6892
2699
8986
1722
2007
7863
6980
316
6697
4175
4180
6898
1072
8009
1684
9287
4660
221
2556
8299
2439
6064
2965
7512
502
2177
4703
2758
8673
329
2336
7780
2327
6685
5744
4617
287
4158
3289
5005
4716
1788
7618
8570
613
7981
5341
6236
4906
4641
8166
921
56
2093
6005
3807
6206
8996
4572
8387
229
7633
5162
6935
1255
6972
7490
3559
1815
703
9879
4980
2776
2649
8112
5972
9906
9151
8492
5440
914
2398
5918
94
3312
6056
902
98
979
6244
4220
872
4533
1976
9459
5587
9172
5135
5328
3534
8300
175
3769
5931
3328
5327
4155
5344
5913
2548
5644
5320
6002
5789
7993
8292
70
599
5876
8997
7010
2947
8627
6882
5888
9202
4264
2308
5657
7550
7107
8417
3590
3464
6761
3619
6068
2076
7183
1746
2407
5884
1862
7974
8621
4350
6690
8541
7639
8308
6685
1373
25
8251
7849
5595
4872
5148
5927
6608
7371
5062
2392
2743
7802
5569
9208
8253
9365
7750
5860
6219
3906
4496
7837
3091
8229
8447
6815
6418
6028
453
6992
6272
7887
6339
402
1492
9652
4372
6893
4839
1471
8092
2638
8404
2915
3070
4009
7541
6262
6884
8803
7861
1801
486
5721
4630
5264
1318
900
6017
7473
4131
7880
4674
165
8050
1700
123
3521
5801
7827
7310
1747
4347
4195
1985
1398
1656
610
5052
5633
1097
2289
2003
2647
5632
6910
6240
2384
1679
5013
286
7521
2543
2034
413
5381
9460
9716
7787
3630
1799
6301
5346
764
9588
906
1393
6418
3806
948
3938
9477
4547
5837
191
8117
4628
6624
8070
5713
9602
8252
2503
4373
9766
2475
2932
1331
986
3921
7999
8835
8312
6065
7031
2958
2268
9586
3164
4392
4994
8587
9138
6436
9703
6791
1650
3565
815
8960
7894
9255
7134
3659
5199
2298
9913
6284
6876
2857
1059
8724
4988
9523
5241
5241
1325
6789
8952
5712
7685
9311
5018
7360
7790
7517
6247
6551
9841
214
9660
7302
7460
2616
8497
3837
9585
7462
1439
4529
1991
5383
1591
7960
1837
6706
1493
9617
178
3371
4917
9976
879
9903
9738
9597
5875
7255
4024
3057
3151
9360
1497
7429
544
9993
2584
3113
3194
9726
8875
7187
9652
4875
534
6804
9625
392
2671
4897
3531
6489
893
9999
8703
7811
2349
8803
501
8379
2227
4688
5903
9814
2188
302
8895
4158
1706
950
2643
6149
8551
6896
1175
5170
2996
477
4617
2
4874
7868
7291
4059
5570
7893
768
5798
9419
9248
7048
9643
2988
5055
7689
4604
8827
2090
8768
2225
9343
562
4368
8531
9754
1538
7608
6746
2820
5743
5921
953
3471
2162
7808
3298
6685
6714
9328
9842
7460
7852
2949
5116
4023
3444
9259
8435
726
8855
5660
8190
1332
5056
5584
3036
7409
9091
1865
131
5759
7928
195
470
1632
3257
6868
71
5536
7618
6669
7296
817
136
6622
6117
520
9111
1185
828
1690
9382
452
2659
8627
1902
1691
6000
3225
837
8415
836
3143
5928
4320
7125
2520
5021
767
3989
7950
3230
1955
5114
7909
8792
5009
3940
1538
3054
7934
8947
3426
228
5313
830
6956
7865
1214
3795
7799
4131
2821
3046
8852
1584
9907
4684
4845
7334
2088
5821
5638
1589
9796
7956
2009
8474
1393
9078
8036
5387
357
5106
1655
4613
175
25
6235
3448
1915
8292
7765
5632
9071
1633
1125
216
6709
8309
4893
2887
2141
9262
6519
3517
4709
9714
4298
9268
4493
4360
6943
1484
254
5617
5677
935
1024
9342
5936
4236
6218
132
8896
3129
5225
9362
6702
6314
9140
4336
5346
8001
8481
8397
6418
4717
4967
8517
2635
1779
7614
6487
7199
7137
2453
6231
1795
6402
7134
7671
8218
6720
882
7272
6998
5886
4342
1651
1537
1174
463
1305
8815
9740
5882
9528
1206
4346
3200
3337
5109
7385
6911
4124
6927
8169
9920
9804
2645
2370
3575
711
6410
5876
9635
5296
9753
9424
6863
2057
3431
276
1804
7938
4349
6608
789
5469
3362
4506
4570
8077
6309
1285
6064
4074
7393
404
9922
5522
1337
3924
4961
2645
4541
6794
1078
3411
6854
1795
1783
7635
7284
2638
3803
362
6968
6418
778
3108
5562
6818
6563
3764
2406
1090
9835
3667
373
6819
5670
5999
451
5456
4705
4086
171
456
6193
6845
4767
8717
5060
2288
6700
5836
3160
4420
4549
1253
6993
6682
6191
1282
6114
7545
460
448
598
4659
76
8741
5905
9415
7362
5471
3586
4515
858
367
265
9193
3158
7246
9238
2132
172
6724
6471
9373
3875
8702
4752
8582
1781
711
7446
7543
6405
8768
1736
7044
8339
7196
7312
8690
659
1876
9393
10000
7315
2415
2108
4299
5700
2340
8245
7703
3841
2188
3505
2533
340
6898
3783
630
7302
6516
7141
305
4378
9831
3856
7448
7499
2909
2894
4894
3294
1263
190
9111
2860
4668
8241
553
1230
7036
6108
1103
949
128
1200
3569
3770
2493
7654
9249
5280
6258
9669
7693
8275
9053
9912
5727
8118
8664
3867
3064
8934
5711
8682
3471
2100
1986
3916
9429
8789
8227
6046
3011
9852
6736
3338
7164
981
7741
6396
7979
8469
7730
7964
3714
5556
9682
5864
203
6864
6209
1773
4905
6044
2316
3409
7271
4725
3410
5548
287
6890
8868
4513
3266
821
4120
8974
8287
8761
980
8308
5825
7419
8965
859
8624
8880
1699
2073
8443
9407
6434
735
3332
4424
5581
4418
3323
5752
5847
6157
5772
446
1763
7753
5811
5445
8787
7165
5421
337
7303
512
1229
8170
3656
433
4268
6908
3106
7835
9446
9321
9097
4713
1017
9064
3506
4889
3233
7921
4880
3862
1693
7048
2178
3190
4563
621
6666
6399
2008
841
7149
9616
24
5697
89
2730
812
3219
4262
6761
3006
7094
5160
5044
5789
7949
2545
780
4054
4977
5085
7126
9641
4305
5425
6625
6334
4497
8092
6955
2257
5370
4628
3467
3504
2668
512
4629
4911
6172
3768
166
1127
8270
4488
736
5515
4271
9545
9351
1
6170
2981
6353
3500
9601
342
6119
4687
7589
2719
8106
1926
6197
4884
2739
3793
2467
9700
622
1466
6181
8566
7704
3198
3130
1572
1262
9066
709
7184
5612
2824
4232
5943
9358
4872
943
7451
4685
2079
508
454
2576
4670
163
4351
1102
5047
2005
7132
2818
3566
2418
4203
8095
9179
6919
5254
5271
7648
8439
6111
4527
447
6104
6400
9589
822
7262
923
3864
2322
6821
9444
7501
2082
1873
7959
1960
8254
346
2200
2056
5166
2136
947
76
7906
2334
6087
4302
7220
9192
9811
267
758
240
670
8502
8787
9989
2766
1073
7338
2373
4127
3928
4616
5128
2188
2229
9806
7516
8949
4634
6351
99
1913
3306
5580
6974
5869
9379
6507
6322
4577
2393
5373
501
1455
3641
1042
5794
8785
7917
6417
7329
1086
3403
2802
6013
2805
8121
6735
6549
8088
7784
8295
3245
7716
172
6076
3026
7753
4476
5781
3223
6647
189
5355
6896
795
334
6471
9814
7621
9350
4785
7164
7200
5628
3938
1963
4
1217
3608
184
7917
307
3492
5
3501
6565
940
9038
7019
1726
1846
4260
2535
690
6946
7607
7911
3488
2245
561
9409
518
2835
4478
1947
2476
9133
9210
2539
9018
1361
8149
5043
8362
7807
5518
5895
1780
9352
5726
4886
4975
6681
4392
8905
1132
7483
9897
8128
4462
4135
2911
2191
1603
6696
9878
4087
8280
672
1204
9991
7514
4054
4127
1591
109
2248
1776
3894
6239
2963
4869
4422
3285
6210
3726
1190
2537
3606
3187
5423
71
121
1530
396
9955
5125
2881
6068
6139
8989
384
2242
9051
7956
8931
2511
7855
8208
1699
7776
4440
2570
2212
7792
5168
173
2048
3326
1899
8575
584
2855
4688
5926
9044
7280
2986
7735
2659
7459
9671
5151
9960
9296
8020
374
3877
5335
5618
2350
2366
4645
640
7660
3805
6014
8617
5746
8625
2448
4925
2281
9628
8065
4177
1236
8164
1745
3633
4903
9760
3949
5822
4644
3799
1908
8765
6242
4427
2243
9008
1952
8829
9983
6203
7307
675
3028
5902
6339
4499
5018
660
1806
4164
5957
5956
3854
6720
9367
3873
4635
3513
6504
5549
8791
2717
4367
2787
8881
7966
6433
8638
547
5177
6908
5810
9828
4498
6276
8325
4384
5953
8206
3531
4508
6153
6289
8967
7975
8577
6578
7227
165
7918
161
1234
2828
9166
8973
628
8389
2550
6140
1606
9896
3689
2958
3564
7544
2444
5426
7534
1897
8208
9629
3138
5187
3795
659
1939
8504
5629
4963
331
5603
2036
298
4451
370
9145
9358
2880
1904
1746
9583
3877
5167
9692
697
8880
4436
3695
9187
2228
159
1966
9120
1988
4311
392
6566
1722
1397
7444
1810
1925
740
6969
6047
3048
5979
4556
3759
2571
1066
8417
4746
2008
214
5174
9507
2246
2933
468
2426
9026
1185
1034
8640
7040
3732
5749
2235
4980
6339
1837
2869
7955
3782
1603
8609
6360
4521
4069
840
9951
8557
4040
9871
4070
1717
437
1290
6244
1497
645
5047
4492
5288
2751
2677
9509
3431
8884
223
9406
2555
4611
7706
5416
4333
9224
52
964
5354
8951
5696
6815
8143
8949
3467
5122
4193
3252
8157
8538
782
2099
4059
2137
956
1607
5629
6941
1835
9733
1595
181
166
7508
7521
3187
780
5665
352
5250
9974
2441
6257
2021
1035
8134
3767
2937
6259
8550
2911
7769
9618
5979
8795
8949
9247
6173
7599
574
9760
847
3953
6860
6054
4051
563
2894
6549
6939
8081
6939
6077
2354
7480
9011
9123
2023
1188
4029
527
2337
8269
5224
7851
9679
9504
6308
4744
5358
831
3553
952
305
466
7711
289
6148
8105
1939
2094
5287
5579
9584
7840
6044
1713
50
6933
679
2146
600
2201
8434
3077
1933
7568
6725
2288
397
8105
5612
1002
8123
1052
8809
9248
5406
8488
7727
8429
2826
3146
5886
2470
1405
8885
7052
7868
8842
8451
9983
9624
5937
9649
442
875
670
8430
7599
9762
9698
3524
7003
2135
3905
5926
8573
8085
6423
5194
714
2113
6817
3880
1198
1208
7118
9744
1933
3430
433
5359
6439
4518
2142
4836
7639
4103
8061
3541
9410
3325
1544
2957
765
2401
9584
1131
8717
8876
1801
6473
938
3212
2738
4774
6967
636
9444
3637
3590
8311
111
6700
5308
9725
7913
9526
1268
2135
2008
5250
5924
8176
1209
9137
2009
3533
6651
1739
585
6886
452
5082
2625
9016
8866
501
287
4802
3368
7723
536
2876
6107
6478
2714
5698
5007
1609
759
6895
7035
8175
2631
350
8145
7915
8666
7366
1227
7911
616
4823
4334
6367
498
7176
5968
2617
5422
9768
5661
5417
4077
7009
4672
7244
5521
753
1215
420
401
5476
5319
3844
8703
5256
5882
8556
9133
7237
9686
4508