843
-641
-755
-761
-464
-586
-486
-350
977
-386
-46
380
-523
110
-999
169
-411
602
-395
785
-349
-218
-876
-723
334
398
-825
260
175
-874
-496
-733
-748
-810
-547
-95
-43
735
78
-794
-240
811
-971
542
-547
816
-321
-747
14
263
101
-384
759
369
-914
990
704
-86
-997
-173
946
-249
414
-636
405
-664
283
19
-15
647
94
-957
919
823
332
-166
826
649
-255
965
-552
179
-489
447
626
536
-574
-128
-170
-998
-239
-657
-235
711
46
20
265
-32
456
-284
-363
571
834
-61
-414
-460
795
504
184
38
68
434
-22
-346
-278
362
-549
-956
-84
-959
631
662
689
-697
287
874
166
381
985
-789
56
230
753
376
908
-693
-175
822
-688
610
-905
-799
669
-424
904
-118
-991
472
-720
-747
-474
-605
-207
999
44
-628
-85
242
765
-965
-734
339
1000
-556
-421
-529
390
221
652
-458
308
443
-102
847
-943
857
-750
-131
-156
-95
447
698
-852
-704
-4
-596
-817
-476
-514
557
-36
-196
12
-476
286
339
-43
0
-177
-715
-120
-141
-30
735
609
-246
-406
-943
597
-305
-925
132
-946
811
-367
-477
-313
677
-402
-964
-907
233
90
183
-316
39
579
153
-8
-523
915
-848
243
930
942
-876
11
-737
-967
757
-73
97
107
65
-123
875
107
-266
-779
-900
937
-685
640
848
-18
578
248
135
-412
406
-456
-902
-160
-94
219
-798
-527
-531
373
-176
-274
-33
173
-629
402
-600
-394
236
908
147
795
-657
-451
957
-523
-447
-95
851
825
-604
-70
951
-369
232
-51
631
-739
-369
-11
584
779
82
117
-741
300
900
-722
117
-168
-233
-185
-607
-264
207
622
726
9
397
775
446
-518
208
241
443
966
-893
641
-727
-409
-590
-675
-981
-141
-927
220
461
373
-785
500
64
-393
841
-422
-190
168
46
-29
388
703
-770
-73
-671
-716
-281
-147
801
-538
902
487
-168
721
-631
816
405
-575
-278
-630
848
684
624
-835
459
-100
-64
-896
-727
88
-916
104
-725
-625
114
-416
-977
-18
-157
-354
683
656
951
-422
378
-246
741
-474
871
-742
258
920
218
-66
793
325
-511
457
55
-981
353
-114
18
-968
-969
-640
-450
-103
15
348
857
-53
108
-500
316
443
-377
989
87
674
-404
-717
186
53
-250
67
-941
-614
451
867
135
-428
-357
-53
-946
781
-286
-473
-463
584
70
-328
969
101
981
-620
281
302
-255
666
197
691
-114
317
726
-904
337
-24
695
402
-302
500
-192
801
-855
742
871
502
-375
548
-663
-435
354
180
-818
-896
858
156
196
-841
948
768
-981
-460
25
-527
-271
432
274
205
788
360
730
545
-878
-776
643
-814
1
626
779
70
289
-537
-637
-882
-749
-26
-284
-67
766
-848
-844
-847
-911
448
-750
-595
-254
437
720
602
939
24
-411
-185
727
-972
-417
-963
57
-26
-202
-159
112
599
252
17
-877
-505
-387
281
548
131
-125
-208
-640
988
369
869
460
-699
284
150
942
619
-500
-168
86
952
-727
-141
-164
-297
151
720
-773
-470
-114
-991
689
905
456
741
744
399
-257
-831
-597
-604
791
-475
-552
-909
414
-327
869
705
-660
940
699
870
-291
569
148
-98
509
513
434
-572
195
-919
678
363
-137
-445
-717
824
872
-749
-193
395
641
58
-403
-632
-675
-519
444
900
-814
-764
187
13
470
169
-30
-273
418
130
-75
179
880
-675
-673
-584
-274
-241
-274
-130
37
-331
-699
190
853
145
610
-318
-915
942
44
153
-136
733
730
-875
-4
-127
-630
287
887
-113
-817
-46
222
-185
242
263
161
869
-601
711
905
990
-165
785
637
-479
-861
286
147
762
250
-76
896
-758
517
-982
443
-745
-961
920
-300
-403
-19
274
174
-544
-279
-578
-544
262
38
145
375
-12
18
443
-229
14
-635
977
-825
-96
-757
-516
773
-45
933
-12
-97
-917
-690
679
-913
592
-40
-924
948
-828
-513
640
985
862
-690
66
-195
366
729
765
456
902
-990
-171
-69
922
-974
752
309
-569
928
-937
-996
-53
196
432
-97
128
-887
619
-935
313
987
694
810
-744
975
354
122
-842
-328
574
-798
-374
-998
915
-475
537
-185
125
-787
-219
81
-21
290
-239
-961
701
-882
-4
-95
-559
997
533
-597
963
-36
491
589
676
-353
727
169
893
898
435
925
-293
-100
-844
-289
-23
-420
480
-350
-298
204
883
-649
377
203
-678
-377
249
-191
-327
728
-365
-289
762
-829
-476
-428
-514
709
-658
-853
-3
510
350
844
49
-605
-340
719
-469
557
6
642
-290
752
647
212
-251
-220
671
637
906
-601
955
-642
-568
437
-34
-899
-431
-465
-782
-285
-466
-705
625
386
21
123
-249
635
505
867
833
-958
-495
-726
163
203
-381
-501
245
704
990
-884
741
888
-419
-38
-32
-114
-255
992
89
573
149
-568
-989
-356
567
-260
830
-158
-432
-293
898
475
-470
-604
977
204
-1
922
-632
729
-146
154
295
-566
-428
-250
424
-1000
-561
708
671
127
103
-93
276
154
366
-575
-623
805
324
312
376
343
-995
680
871
-344
-70
786
543
-558
-661
70
482
-785
-267
744
549
-1000
-257
32
-834
-709
-55
732
-475
-310
127
-564
623
238
56
310
-454
575
-193
408
204
451
465
-75
350
319
-161
778
-163
-108
-831
-996
61
98
-17
-413
-467
-586
-633
-624
-832
-771
589
75
20
635
-698
636
-256
61
-909
407
886
-488
-417
-932
-171
974
317
-511
330
23
-191
-221
-63
-791
-250
386
-905
346
-357
-197
911
182
-625
504
-383
462
-588
-793
-761
-402
149
192
109
303
-19
-562
472
874
111
-246
531
-170
-653
800
61
-275
-60
484
934
-162
821
40
-154
480
886
956
117
-30
-723
-281
-512
-941
818
77
-770
-144
-540
876
-371
-331
-499
-783
391
169
171
-427
-647
519
927
-202
-742
624
257
564
257
-263
-535
-748
-853
827
578
931
-282
236
646
-990
-537
-458
211
-594
-703
528
54
773
-58
-456
117
-348
-900
-1000
693
409
184
-120
183
887
903
-551
14
-452
157
-309
491
-899
810
-181
313
194
-925
-269
-732
168
257
-228
-808
942
402
681
188
788
-563
637
-632
-975
-296
766
-538
353
-75
-214
-455
-731
979
-153
-858
-999
340
-91
725
-571
676
414
609
-262
-522
-131
575
-199
487
373
820
-848
-403
257
-308
-888
-620
-365
-264
-264
40
-965
-183
-979
30
205
264
-940
-62
605
605
209
-673
-617
644
-930
-119
917
-108
122
-922
-562
347
-176
434
288
96
580
574
-983
961
-702
790
148
723
-102
-155
171
-799
-677
-830
-656
-831
931
-851
273
550
-99
-538
-299
-172
-352
-430
582
-434
639
827
-732
-147
-532
89
-990
240
-293
310
858
610
-60
605
420
-476
-127
957
545
-132
-118
-442
-258
257
675
-141
-731
740
-819
-89
580
-660
-264
207
608
-375
508
415
-905
390
408
489
881
647
-733
487
-101
831
258
533
-42
391
316
-971
-682
531
-718
816
808
591
357
812
-547
-791
173
653
396
568
-387
619
982
-674
-308
430
663
854
-87
-197
119
184
-473
170
836
-927
-957
463
-547
539
257
-734
881
456
-366
-449
967
-59
-787
-349
172
864
-868
-902
-819
351
-891
-90
-898
746
643
-497
-911
-510
831
696
-435
-239
-95
962
-840
-732
341
570
-784
37
-816
608
-867
-277
875
-298
519
772
385
273
854
-726
54
830
-970
-799
285
731
-382
-539
554
345
575
988
-36
-466
-781
607
-869
387
-754
-990
598
-429
140
-991
36
-617
532
-51
526
224
-357
-760
-861
-753
462
-10
-429
128
-910
917
687
-760
-481
634
766
996
929
545
53
102
548
-483
296
-383
618
870
-928
-422
419
643
330
-716
380
-627
-571
632
-51
-833
800
-385
611
-545
-456
-568
893
220
349
-561
848
327
-691
-348
338
888
219
803
-964
455
-43
-16
-573
98
758
-694
-719
293
849
-106
-857
466
-993
359
24
-873
-965
609
435
-140
693
-573
-733
-323
-536
-562
-154
275
-216
-763
626
779
321
353
563
-403
27
-212
-316
-427
433
-533
483
-993
-822
179
-456
841
-166
436
554
679
-308
557
897
-823
-628
-279
-781
782
89
-735
91
267
-839
-258
676
734
146
-245
522
575
-273
-9
-30
-629
-950
734
883
-666
48
-760
948
-816
-428
383
447
323
-792
-645
280
-255
549
-999
-636
-425
681
164
-616
371
-35
-637
784
-586
485
248
598
-369
803
-238
-966
-203
-167
565
26
-912
642
-496
-834
-643
-630
-498
30
-114
-531
380
599
375
-850
-702
-109
-374
365
-110
-125
-929
-460
-362
178
97
578
50
714
140
357
-351
-252
-423
559
-864
-23
388
57
123
397
830
-794
-117
-938
834
211
787
862
-309
438
-770
716
649
-427
-987
-273
-458
-993
704
622
570
-484
-842
-304
-104
-894
-535
55
-895
334
-653
199
-831
700
-158
-944
-660
806
384
-636
519
589
-178
-292
968
206
-817
-301
-294
-670
-540
-45
65
-441
-359
409
-51
-359
-951
-8
108
641
108
-950
290
-113
852
231
749
-291
-15
-246
-462
713
717
293
-773
37
-29
-148
749
-117
892
-262
708
547
999
473
-869
-979
-902
135
100
670
-128
-515
-961
167
-599
-136
373
236
116
454
909
580
318
-406
498
-289
-831
-519
-113
-426
-439
-232
-157
-578
-747
-353
579
-401
411
487
-32
-486
-837
692
749
-364
-949
-290
459
-116
-177
-583
-5
838
14
-143
836
-360
975
-210
653
41
-375
-861
511
114
-662
-884
585
-585
-861
327
-526
225
341
672
484
966
-589
-865
153
658
988
652
802
36
865
613
549
549
-408
378
-566
-16
-861
-621
-453
619
102
410
220
758
-702
-33
-665
-784
669
438
-724
-255
-805
-578
186
-835
586
622
258
400
-861
-759
562
-643
-395
787
710
-343
225
-277
-319
-34
745
-203
-9
-366
-786
109
639
236
554
-932
-823
-506
-246
-580
-665
-432
-972
524
611
-173
-212
147
-48
-650
71
-54
-359
-500
871
-322
716
845
107
462
-889
306
460
453
246
-795
390
-970
838
-807
-898
-191
-214
-808
737
94
72
-48
-971
861
652
821
358
780
376
-740
-691
-455
313
-740
-805
329
539
-544
623
-357
500
-841
829
465
-189
110
831
795
397
808
163
-445
-208
831
-657
71
-868
-490
-47
-170
475
735
-342
33
-167
989
12
-24
-649
-206
-60
-887
-356
-53
-886
772
-163
-922
-93
-575
740
-872
-687
215
965
920
556
173
-607
-893
970
-705
818
-45
143
326
-55
882
-953
-312
667
-916
-212
864
-504
740
31
-664
914
-976
266
-82
-335
85
406
-284
-414
-295
-919
-235
758
959
-497
852
-103
213
862
-647
-745
-937
98
474
358
-252
-921
-463
337
639
798
-877
958
-660
-631
401
-445
-511
-881
221
762
326
-172
-850
785
212
657
102
-191
71
599
789
-873
-762
-882
801
981
-182
-541
-472
265
-56
23
-828
570
626
891
-814
972
-539
312
-91
-253
-979
927
-460
-513
-65
866
-984
-394
585
281
-67
-400
122
421
350
-649
-934
-803
210
-692
761
589
96
-848
-934
-717
781
-693
918
780
37
-980
35
96
362
-458
-335
-843
361
638
719
805
537
343
964
-593
264
-552
214
522
-719
-901
636
341
-794
835
-979
559
-907
-419
-114
-927
-694
480
283
-991
750
-572
-170
275
-437
-570
-848
-206
-945
-875
-266
-437
672
-421
352
-408
225
568
971
-89
976
-420
-169
-71
635
-437
-952
219
878
-729
-862
661
461
823
-236
-300
896
419
267
-861
-537
25
-346
575
881
289
532
387
211
251
528
755
-340
-451
700
-950
507
-568
563
433
-494
-608
160
-411
250
290
950
-78
-793
858
448
370
910
570
897
378
644
-167
257
-703
705
552
-287
992
826
-11
-15
320
324
-630
-420
-762
-449
513
492
773
537
-676
-810
-640
976
-618
321
895
142
704
299
-597
534
676
-182
598
488
-110
326
-893
91
-78
-390
-629
950
-406
-642
725
-558
572
-175
-985
409
419
668
844
-125
-802
-917
774
8
740
584
-708
-945
-522
410
-239
-847
637
793
-57
325
202
-848
43
-413
-237
-701
567
107
528
885
941
542
-902
390
-886
382
-578
320
-852
344
-200
725
-703
-375
-308
-200
-542
50
302
-627
768
374
-93
-53
64
-134
-309
242
227
88
-714
268
389
-686
-101
-729
955
-497
-677
-533
-654
-947
348
278
-522
641
-717
940
37
-804
541
385
188
-705
275
-487
748
430
192
3
966
-47
751
-933
-645
778
-404
715
427
225
-196
950
-379
-151
-108
-113
717
-919
361
-60
-107
431
-269
752
-932
398
-580
-586
-886
-554
875
364
-954
148
250
-729
-687
967
-2
-666
218
36
-957
-783
415
-110
405
190
433
728
906
446
505
152
-81
-356
-147
665
9
-632
56
327
580
730
462
-754
-938
848
-863
236
251
224
-827
543
-889
-292
284
-906
-114
559
-236
-624
669
-393
-373
773
-45
-299
-135
135
271
679
-929
695
-302
433
427
425
270
-934
451
-641
-286
653
-926
-769
-939
670
803
605
-124
-492
-997
-639
-584
-780
-711
848
901
230
787
-236
-96
-203
117
-28
-533
-792
145
-840
393
-515
-161
-788
908
-132
-890
318
-126
-276
838
-742
417
550
-878
-960
633
-61
-855
468
-386
403
-550
-539
284
-734
-89
967
776
753
378
94
993
571
448
524
-976
171
-915
917
-993
630
-300
358
-848
463
106
-23
-80
960
653
356
852
774
-124
879
-469
-746
-426
-87
417
-16
564
653
-523
-290
138
-76
312
-649
-534
95
61
-439
207
877
-741
-831
572
-781
312
-518
612
-398
-872
-864
-580
930
-750
-447
535
677
90
-389
-208
-849
807
-42
-226
-695
-961
-43
986
557
-654
-685
257
581
-615
559
-433
413
-309
-3
-632
56
295
-768
924
-605
-876
647
923
-683
505
779
-13
158
764
145
-342
-734
473
425
-963
400
904
615
-1
658
204
395
197
966
-588
211
-389
-377
-268
-88
445
-417
643
-608
369
-901
-478
729
-221
-413
810
-279
484
-951
336
967
-321
-801
728
851
-363
-796
-423
-719
635
-428
-827
912
-563
-710
-168
822
-721
-610
-595
842
-822
-455
476
250
961
-518
399
-462
-118
138
-209
678
737
307
318
405
-219
-33
945
835
-80
-554
17
-359
503
802
932
-408
-888
-368
226
-226
198
830
-420
-421
-334
821
836
616
272
-246
671
107
-275
-101
547
-653
-816
-311
216
-122
-223
-684
644
624
744
442
-755
-961
173
-457
-861
454
-132
-243
189
386
-881
653
-126
-884
-57
-867
675
934
-716
-186
294
-127
-259
119
694
-250
223
600
-78
859
611
42
482
333
662
235
-511
383
802
-476
-350
911
562
878
-460
838
-727
-475
9
-912
-680
367
-96
-702
-598
235
203
761
578
-470
794
-852
-272
-114
-910
448
-918
648
686
-96
37
183
371
-672
-139
-616
505
720
-866
612
345
887
407
-681
-141
887
480
-828
-741
964
-231
-311
-560
573
-800
537
52
-226
973
-983
79
180
-907
63
893
-110
-438
-556
-457
971
-47
352
-823
740
-932
-879
-430
-307
-135
-180
257
-549
621
-451
736
370
474
894
-797
-421
72
315
-559
431
673
-907
-759
865
315
698
743
-47
96
-802
-956
910
-299
624
584
-541
35
-308
-387
12
-335
422
621
-562
556
890
873
331
-660
-147
596
656
861
-212
51
-593
654
-955
-856
514
-148
-228
-849
-614
-296
-143
271
36
150
166
-828
-208
937
-643
-156
-977
-812
79
-281
-789
-746
-457
55
223
-490
-849
622
-808
-592
-847
690
431
-666
-827
-874
778
-55
-381
644
230
-81
-701
-407
-610
-983
-284
92
12
-350
-637
280
96
884
629
-84
-319
-669
-89
-609
-745
931
-333
762
-978
-482
588
-866
-63
-906
-833
-590
-635
111
9
-567
511
-843
882
-222
529
-622
209
476
-605
-515
-960
318
510
-885
18
916
385
-145
-611
-280
345
953
768
-197
-120
-295
-544
43
-383
755
517
-730
273
-356
-738
757
466
-87
29
-739
-218
765
786
105
718
-244
260
514
-23
618
-692
-61
357
846
-723
-180
-297
172
-823
-19
-219
-708
-620
-472
351
925
-371
-224
818
492
363
-704
-931
-859
43
-518
-497
994
72
-55
65
347
568
-44
-724
612
893
597
-41
-288
-989
-662
-501
926
-22
-962
614
-985
-814
-126
715
356
-482
981
-420
-273
511
933
644
792
701
673
88
-398
-427
-830
476
-763
303
-901
-901
-823
-832
-918
365
-199
-700
724
95
331
-937
270
768
-472
-834
-876
-987
866
-69
380
-442
-409
-880
602
-62
273
-184
-937
-536
-462
560
278
-916
3
126
-524
-289
250
34
195
871
-661
287
-49
946
-401
-266
-20
-772
816
-724
742
-442
-507
-894
-128
-310
637
-289
-164
-988
922
58
27
591
-752
328
-757
-9
-393
246
553
-557
698
-881
312
329
698
-375
716
-838
540
714
-432
115
811
276
-209
165
-393
-834
-345
-653
312
764
607
-247
-36
881
449
881
-753
-693
-830
-768
-932
-980
-378
-56
-297
-586
223
-954
38
-744
890
-544
-839
376
196
-190
-157
-835
-382
116
-992
18
153
-64
24
-259
150
1
809
-735
-49
550
703
-702
31
-499
-559
-539
-26
-296
-143
451
-699
-269
739
373
-382
627
-549
-226
381
859
668
720
-288
157
-140
748
-172
971
40
-726
-543
-290
-151
623
579
437
811
326
430
-16
746
-660
613
-172
-994
-787
-427
-863
130
-180
-70
434
-90
-467
-261
331
-764
533
-189
677
279
441
575
-224
146
-238
-811
-253
895
627
147
-945
-778
-695
-23
-699
-493
45
-206
-327
-597
646
-685
-725
-399
19
-482
-490
391
-753
605
-311
684
436
-805
501
-442
-221
-478
896
-810
-350
620
674
862
965
-391
449
-379
-729
-77
-160
-947
-197
-408
394
900
-520
178
594
-701
7
198
407
-814
579
-517
-475
-169
-939
944
-550
610
821
-373
420
250
-370
431
421
-44
-871
-715
61
-456
209
313
-499
-328
470
-313
-505
-334
295
-304
567
471
967
-548
911
-227
-336
97
-558
341
-718
61
-981
-902
79
943
556
-272
-359
584
928
456
-560
-936
-348
-69
244
-707
-320
-954
-658
-577
814
-412
-794
-663
-169
-20
660
-751
-892
-224
-27
-721
178
-308
6
286
-101
77
-259
582
798
607
-952
48
-582
-638
739
461
-496
785
136
944
517
-683
-648
571
7
-117
519
649
998
839
-992
-460
-382
981
850
549
-181
227
-635
-20
991
-175
955
-48
507
-140
-893
-76
440
-347
-559
635
622
-260
464
-996
-661
445
918
413
976
851
55
-759
797
-486
-946
327
-849
-321
85
571
-13
-474
589
-857
-340
744
-197
437
-386
-149
-50
-870
-643
673
-974
-278
107
129
850
-436
-421
727
405
522
-589
-21
-661
598
473
65
18
-430
11
-749
-437
639
586
-587
-552
5
-251
-772
-524
-1000
-554
182
-942
379
-928
83
-287
852
39
-322
-898
-955
883
187
28
896
-146
-185
-371
-817
-198
-205
83
655
-902
-49
630
-705
120
628
269
-237
-731
613
-402
-184
-867
696
-884
-496
631
745
215
909
-708
-272
761
818
-131
676
-552
-138
248
578
395
-704
898
114
-30
155
-958
-927
-36
-512
-956
-437
11
59
940
698
-769
390
348
-284
-653
953
-547
859
666
885
-244
-791
329
-887
429
736
-111
599
926
-828
367
-384
469
-380
-12
-684
356
935
530
878
695
592
539
-2
-656
343
-621
941
50
209
754
249
-31
853
-902
-995
-177
376
-333
982
-473
-34
-431
519
206
-116
168
239
215
-249
-158
679
-735
964
-310
682
-606
-651
532
689
-549
-518
52
-645
311
-650
-896
-772
-178
143
-597
807
296
-46
236
-926
-912
701
904
-27
430
-913
868
246
-896
250
-820
22
-173
-854
829
443
-496
-468
-787
-662
-461
-17
-201
-18
-623
-996
-541
761
159
14
94
-401
-54
-843
549
-552
598
-918
620
577
235
97
-971
884
-708
660
50
286
21
454
-883
546
588
-564
-906
638
-689
613
-445
936
-315
93
578
-607
119
304
-645
-785
-717
958
-943
-712
908
-235
572
329
-110
45
775
133
-417
-687
-996
127
454
635
-493
-941
408
792
448
723
458
-115
453
759
-133
904
-403
-103
-517
-863
-997
-708
-520
-172
914
-302
19
-47
989
35
104
-524
668
-123
339
-431
833
-262
-287
315
-736
-25
689
302
-641
899
-405
-543
-788
935
-186
936
884
932
-774
761
-768
152
-243
-833
519
-137
611
417
-142
-530
-653
553
-413
-729
-848
184
-554
-912
-815
-79
714
-280
-105
-490
813
-101
-651
-474
245
890
296
-500
-67
53
734
132
564
-541
-521
84
883
330
366
-369
-715
526
103
-776
-715
669
-678
-246
-254
-773
934
-771
287
-163
-570
931
192
480
56
909
579
-353
-639
864
-696
781
-948
-686
-93
105
331
46
-479
-388
-196
746
96
81
-266
-152
188
446
-135
-613
939
938
-421
632
12
941
-865
664
806
688
-597
242
635
607
938
406
-277
-916
-987
893
-768
-73
735
-45
-622
193
-319
499
31
-864
687
-619
311
85
-111
-88
830
-387
-984
931
-478
300
-756
283
730
406
-804
-931
-579
-584
-948
-184
380
484
-388
447
-931
-960
209
-139
-808
709
225
864
-92
753
294
31
146
-207
307
-671
-596
309
14
-352
316
117
85
-969
-882
-658
-987
721
-214
-737
-898
-85
-347
-427
445
-500
-918
-149
-686
9
-74
-282
310
559
21
-572
788
-587
-440
958
-371
-21
401
-277
-434
571
-449
-773
165
-380
-195
-330
534
-449
-345
250
530
-984
869
6
-289
-564
-719
-484
200
707
888
-159
516
-342
219
662
163
-472
-292
135
-478
471
-328
-785
913
-263
-849
-697
354
979
-541
241
23
-343
-30
-738
933
-570
702
674
714
-169
402
-152
-988
763
147
-424
-145
-523
981
-850
291
759
107
-228
682
-473
-257
509
-174
-915
258
-403
953
366
465
-220
-614
815
804
994
-398
712
-428
363
-391
44
-431
642
-50
-814
213
-189
983
-4
590
-494
-90
893
-581
-517
154
475
-355
-108
-30
-930
432
-872
229
98
-864
253
78
-686
-113
-975
369
89
950
811
560
-189
-47
501
481
731
220
612
-926
-844
342
298
535
98
-375
-321
952
-416
204
-982
929
-230
186
979
257
-689
847
383
-316
128
-606
-633
-589
-831
798
105
-24
-571
-706
8
-542
-823
640
79
614
723
727
831
-42
540
795
-323
319
-610
-700
-335
-140
-252
-555
189
-155
-462
-441
610
246
-465
-804
39
629
23
-103
979
-90
-817
-420
-464
947
634
795
276
-680
1
-651
-602
700
909
-883
533
645
912
-633
-916
133
562
-43
443
791
574
44
656
356
487
440
-981
967
329
161
329
-270
257
226
0
-98
-213
-643
92
323
-765
-255
-991
-238
686
869
-738
-308
-534
-380
264
-892
695
-422
585
-993
310
-163
780
190
74
-26
-800
-282
-727
-953
613
-398
334
-889
-170
842
-640
162
-612
-345
-388
914
-79
259
-300
308
-82
799
-815
655
-923
-126
636
-717
700
-442
-488
36
-843
115
-557
-162
-827
-322
688
583
-398
-659
624
-13
473
-21
366
47
-149
-415
-894
768
-196
736
-563
832
821
134
881
-139
-314
-103
-574
-860
-232
-434
-521
25
329
-391
100
-829
-64
853
574
97
-744
-485
678
361
750
243
-648
120
-103
733
394
576
-489
37
674
-283
-491
465
654
991
-351
125
483
969
409
-942
204
-307
41
-170
-987
-217
388
-451
660
698
-917
-581
-524
-551
-54
-598
596
-817
-112
-283
43
-786
-823
323
-502
759
-896
-564
118
-162
-812
25
367
-169
353
-425
96
1000
141
-524
-400
-171
237
891
774
-304
217
-583
233
-320
146
-92
841
478
-494
399
946
692
-230
-596
857
-681
988
-297
533
611
975
-189
-82
-671
-430
352
-136
221
649
-13
837
858
-912
-203
104
12
931
675
-75
854
980
-849
-759
-7
-308
998
725
347
798
147
790
473
378
810
-939
477
-506
-430
-150
-599
837
102
833
-161
350
350
-529
438
-975
913
-375
-327
363
-703
-417
248
86
-917
-468
-779
-96
432
-81
982
-383
75
210
-917
206
220
675
-573
-352
231
853
479
362
-412
-775
-199
-170
-266
169
-42
-101
-418
646
942
-141
-781
293
698
681
-156
902
186
-17
-99
-771
-894
-708
-494
-107
-468
-901
487
624
518
-853
2
217
-124
981
-417
-98
315
588
217
759
183
453
-931
606
610
718
-278
-343
947
222
-390
-248
972
-801
-777
25
604
-884
941
-907
281
723
142
-928
378
-914
393
-795
978
-891
-605
-562
-34
-116
-591
-786
-905
913
879
-736
486
949
888
-13
-51
181
-196
-937
-474
100
-330
770
382
-752
580
363
123
-623
423
598
-644
764
-614
-592
-60
103
388
872
606
336
-666
489
280
841
-591
-922
714
311
544
96
957
145
942
-524
379
401
-335
-698
-701
208
-61
-793
-214
-115
-867
501
631
19
881
139
241
181
759
697
828
905
293
109
820
786
614
71
687
-390
-490
556
379
673
-248
631
-506
-703
-996
-925
308
-856
-195
12
-995
-884
-618
180
12
509
208
-65
691
83
-659
21
920
-41
454
-731
416
696
692
-891
279
121
781
590
-670
-162
435
-393
-289
941
446
-448
-506
-382
-477
276
-778
122
-711
848
938
296
254
-592
-567
605
807
-366
-730
734
-429
-789
-124
233
-679
931
-94
594
678
-842
12
52
-483
640
406
751
172
-846
965
14
-117
-919
-912
-388
109
246
423
-500
-749
159
908
-839
27
-674
-212
667
533
256
-30
-598
-137
-129
542
-452
-593
680
-403
570
-265
823
-40
-990
571
-38
-633
-11
318
-768
65
23
444
-651
638
-828
-439
423
733
-683
-197
-126
277
990
-150
-810
-285
-184
462
-444
-982
-577
250
725
-743
-506
126
612
-796
-544
629
-855
302
881
298
984
-785
359
-584
203
888
-859
-576
157
156
321
490
593
713
644
966
-642
847
122
828
125
208
713
-15
72
664
719
466
-958
-586
177
96
-961
-886
-906
587
839
-962
-133
336
-698
-126
-257
-222
875
-344
625
-209
815
114
-781
-247
830
-882
975
548
-478
-543
-15
739
555
-55
-377
254
-909
-465
221
-966
262
327
739
743
676
-633
424
603
-672
281
-853
-898
-693
565
-344
-166
327
663
398
755
-32
-140
-808
-879
-773
-796
473
-144
302
-68
-264
-834
-380
946
-694
430
-644
962
303
931
678
48
276
418
204
-376
-113
-978
-593
595
-616
-275
813
-986
50
327
802
-893
523
-856
-985
906
733
-325
117
142
-12
801
395
877
-180
147
-715
-62
-476
877
524
705
-803
985
-67
328