2000
852299
283863
205245
801241
977641
150656
295607
585302
926176
911493
539172
441112
420571
813055
574401
263380
719238
558589
61986
461577
593661
323065
321297
937269
581412
330579
122132
636095
506390
668758
387542
44426
528397
328443
23455
398311
364672
693279
866297
345514
659955
899320
34368
311486
610678
678219
134111
141181
358512
238978
485892
145844
381163
507865
881241
233666
108799
791772
261998
471314
938772
693403
849953
162723
499801
209078
449980
450453
49021
315619
195320
45658
971876
550636
340899
187464
688218
514578
307758
317980
536770
819644
31799
22902
180464
274461
738863
132408
253778
200199
348546
173751
478535
923788
515491
104402
855958
972589
521353
837363
658298
97831
55456
68262
145642
271264
544729
41818
546162
283402
735799
119774
584159
813820
931163
714297
87759
621663
439565
130398
748445
415743
836729
723467
465969
479919
226066
224733
430305
636032
528177
915677
796368
592374
270280
436489
458946
502984
985005
5248
19995
700581
155819
603660
651917
211188
652531
242978
8705
922616
880343
836537
197919
966257
113318
958211
475661
392678
270206
607036
280048
422096
117619
759322
56321
157275
124867
260228
72570
241074
384686
774329
449074
42065
231936
441100
244389
214329
654307
874423
675024
545184
705263
822430
295161
251832
923410
800181
952279
716433
485713
835174
660918
14038
228724
236243
673795
357648
771528
785404
789190
781606
514575
898958
781799
262630
862121
521087
137319
172772
797162
476544
973118
110800
224222
728018
38706
677658
318543
214991
422818
408685
471480
779492
550000
205572
451478
90447
564026
854039
504092
716371
730160
688274
743758
646525
772717
633758
944124
54871
124500
398532
611257
412711
148510
340991
722171
145619
371032
518460
137160
907490
128972
397520
828230
77295
933889
635984
780553
671451
566944
782315
264209
382170
17795
166652
702832
792313
41926
665390
698428
578305
195911
70807
690836
908413
827655
674027
738019
227153
2597
571405
194815
883359
969998
127759
185675
596942
445654
884182
34241
948239
17873
814803
509400
695988
867565
82948
248274
154455
821838
540316
204202
926991
41249
599703
766033
432164
291416
438584
642219
487588
240605
172212
609897
3497
50783
830309
196208
51774
48089
787802
890639
785079
127856
138354
397742
71343
523801
944800
758563
721240
582415
955764
9728
975206
693008
607347
731919
684055
773444
70536
317663
649027
913988
544358
388546
822716
70317
691689
213875
424107
629141
151696
468258
915184
208965
226885
848024
733748
547123
782485
751871
789714
947822
806515
452225
357638
334903
19645
561367
325616
855312
837530
447797
416476
572376
350892
363219
794860
656053
285596
173660
837256
793291
700064
328003
950462
183308
579
740926
275083
479945
539943
87760
858583
184101
642378
162100
732462
431237
217597
847898
698794
934595
783005
414545
691073
818082
80729
674592
451624
16354
592649
666731
706120
521020
635405
420972
595012
352263
430327
856072
181098
999633
467880
436059
450368
878195
388501
99005
533167
659822
997631
820996
573823
349708
146333
100665
453154
137764
383697
105891
320220
467565
520571
576588
875020
963967
163639
886855
719270
706043
906206
523342
659335
854789
69606
672335
437946
425779
834727
654082
527195
389536
151532
119516
697762
765483
395472
52160
945311
322090
508761
410276
469495
35447
212023
836476
674444
37679
193142
451940
366833
38581
264351
581884
323030
893111
47809
587371
894829
572165
683738
643410
715807
688238
795428
825603
597630
352967
536368
447969
969560
232894
689574
611250
294325
723642
237662
528607
85701
546321
353652
165298
102396
861511
90978
761874
868368
431109
798611
782171
193987
980965
601394
257646
573058
36063
820101
611072
9550
974732
56769
645429
669351
758771
448994
927557
378547
321099
311227
322615
293936
943144
810725
927609
574305
146764
88734
716008
972934
617018
462524
90825
680204
183037
682409
809895
928728
867979
434892
256932
83228
38143
792008
85581
905490
613570
509665
305881
472660
464052
914820
754941
452176
142292
514287
975830
59820
240815
36301
137785
1599
706287
219893
539254
461982
392076
280252
962228
691641
913729
764786
685950
414913
230892
303342
499178
67445
691911
646137
96586
901235
994094
736489
571747
109150
342613
477587
696355
828955
915764
438149
711632
618014
525130
871637
420152
260808
662462
561243
579560
673153
645029
353340
405734
547198
950307
774081
606913
487091
491370
468187
240138
811702
203097
457219
555685
281355
48284
916598
794914
446736
35049
599131
911515
520197
431872
257611
642101
349676
674511
506439
698096
808044
101343
41176
699959
602002
508249
738606
969759
439591
645726
16773
862918
990642
560898
523345
946471
664112
965257
244680
683335
841646
27304
707381
257504
513053
156454
418563
107301
561910
81597
106627
455390
639955
918868
340264
277323
528523
550701
762179
118177
757458
162408
81071
508963
220985
757245
964880
324070
195213
510021
297546
810185
217776
600335
936448
530629
563435
326662
486148
463611
947627
713675
299939
526531
503475
944326
515436
652464
704068
826493
647911
217077
724330
383093
577937
897233
430178
172906
193187
345336
519008
764549
83546
438548
717103
374696
835688
464001
919123
517051
606494
703956
750570
180637
562198
718073
286973
40147
9384
435048
616873
603640
717606
878261
991954
498595
264649
883556
25014
887734
255316
992412
27588
420652
234870
364190
608366
551244
482695
873953
114541
642211
313009
798524
460606
894752
382500
894879
43024
859748
504812
169760
537037
46814
83898
50213
583281
122739
694244
115475
212414
797409
839923
407432
584365
991601
790850
410757
561313
304268
454781
280642
140532
125393
233338
20289
394325
66936
54102
8711
515030
37661
256845
160394
752704
398586
235005
400900
627031
246963
581531
54146
971763
99
780348
828035
497340
395200
463970
331132
801492
956349
118034
615240
296186
788186
710589
719085
684000
973599
343360
640804
110107
460337
167389
592841
407114
8073
830786
482008
940143
617869
235612
387452
690401
493508
517399
956301
701460
20900
54295
545122
988124
806242
185750
806273
517335
908887
313353
111031
220813
214282
422453
908572
913015
187366
430676
494961
788715
194916
444828
817852
820533
254480
972454
624304
709284
927984
739375
22415
861966
8787
841915
888801
203402
484648
480275
913999
131194
308003
581839
793533
497645
498294
321773
890022
110294
510597
591888
51516
270341
327131
315889
733383
642913
203879
561942
66225
922301
913625
138811
370747
843196
888464
907794
805892
853935
243437
111218
861841
938954
754526
612697
436806
181985
881468
745791
49976
764149
528190
245883
356019
849232
794897
334601
449448
252671
591173
947227
489216
189995
984456
76134
285138
367347
265923
263239
621764
358747
649657
835857
278034
876005
354657
260153
698683
637961
515112
23536
76091
934169
34607
797210
602662
355476
642098
260631
846463
352820
112095
960501
738603
579072
211443
743910
202954
157519
680625
969054
676947
26000
520149
599718
216225
998371
680096
692649
976604
456253
488061
284526
137388
847848
615329
732468
983619
594151
422818
927971
862593
396231
485008
929058
139527
42400
429601
515844
715258
615448
287314
134418
688668
545964
411403
413153
273498
366917
881716
302603
425262
491838
199193
627185
706279
190157
501197
571288
404916
610117
235171
26043
16033
228931
258147
354246
953931
656953
923839
373109
634735
554050
293462
403344
95402
815901
508504
866295
563365
151466
685163
829528
347497
819716
367058
314593
213124
281430
474546
740215
745775
913973
736733
947315
516546
352859
414709
951202
159865
605253
609536
135728
98888
904989
109910
503478
632067
264502
640767
251516
380741
947527
488249
73095
61851
880334
41457
8497
218579
663273
444137
337214
456552
779265
798543
832118
598758
762598
602438
662659
337755
53415
112769
742216
737281
206571
178279
481775
340917
606357
747003
151303
975639
221650
179102
634466
539073
745284
127499
543312
158440
970828
532663
829638
513066
670473
93987
462721
630658
571762
389557
443864
887046
35679
185563
718905
327799
481307
801082
544938
755778
832935
766565
725825
364695
152406
780844
184128
156435
975950
905380
42720
138423
512509
758202
601020
638718
408533
215613
340959
324798
708584
554687
306205
186812
275878
143608
199740
196914
880202
907735
730934
213074
669367
916821
237291
24334
554057
686222
276773
597399
45203
709409
666392
22718
676164
817964
569155
863439
438184
274873
219255
847352
318082
222608
241412
606607
746094
120843
174967
764618
897242
573118
142796
805587
840634
509933
284791
327873
823460
600357
30701
97341
757273
556445
439353
814965
850073
921810
525773
911915
961031
93850
423029
614639
475279
934201
39758
83874
484821
779760
943818
929311
310353
654680
235272
982595
666384
517359
934520
801231
935388
892627
723112
550760
17024
107989
161686
947811
197334
671581
558841
837942
950098
198787
480000
172474
956223
202104
428818
52664
96479
613891
489452
983250
679247
628562
383898
257134
795862
980197
8245
722727
569798
497630
126901
633779
169814
223339
432401
626634
696170
35403
974174
502442
665016
208201
39646
77077
983042
541567
651909
924950
44634
843393
126439
777334
246299
926706
682715
652870
446744
805791
9036
57880
452744
150705
68255
279916
499349
829297
433007
424904
333095
110613
878320
591337
622679
90194
153746
597790
470958
448663
855673
965248
732257
300309
238121
537337
945555
717580
456538
940667
162152
714131
671031
388777
295335
730819
331903
99234
122341
638274
888780
79946
362979
229139
532935
851422
801637
653592
204814
327069
419696
110227
893233
758530
350725
992163
331896
620274
904744
195394
788412
478918
673612
593522
621379
274199
358604
824605
331962
394139
390791
810148
739964
111497
791852
227639
6977
297346
607930
580639
293946
573639
267255
406952
291480
176805
160868
56857
741987
440250
212397
592783
622726
172061
848182
710035
227649
640482
357664
625175
531934
132769
781653
409320
231424
681522
596756
372732
129245
80141
968612
745223
959543
277131
926458
440716
729948
969875
568999
714114
198366
668936
994906
785589
878463
616242
921649
515146
568481
920956
408453
535098
233386
435272
687113
385092
176762
596656
696955
433183
954008
433112
368415
236873
855805
338107
267811
991630
33300
323341
817071
719446
183249
710453
259402
634940
123157
306590
354977
214812
857471
795771
380442
922128
196269
377086
849756
806704
536277
83244
774647
243968
819019
611239
552155
256395
494955
59523
966818
364445
453512
692539
8485
10941
436634
144397
353493
931019
281718
691545
150610
821973
106522
464313
609932
100924
118258
783089
189933
569229
695869
95088
463510
58682
206836
355040
499746
489573
894562
336451
251267
527211
877221
194793
840648
981733
54964
950555
33908
908761
389146
88474
623194
484206
627425
122869
800146
263838
438320
641190
772470
566312
952203
951630
423732
29495
958838
680698
514883
878749
807834
74686
81242
939175
415082
664925
507104
879467
101090
29597
455766
930313
146887
684973
935530
749043
481019
553661
439262
233388
420145
497733
94476
755103
215721
635407
548459
34932
381490
959029
644946
275058
763308
598687
78254
587827
198793
522669
594476
48750
549123
841888
28702
252266
19225
814617
407762
868435
31282
381700
111431
831710
413220
668832
677199
886440
575949
78317
917773
930766
82357
204036
727748
7784
170083
426059
572360
114937
454705
273111
928057
288109
771321
64797
496434
710117
398529
576257
874496
244631
471730
741402
736990
406716
158924
712238
194936
126926
36241
653025
266084
372272
416854
636381
84588
913396
536101
384436
706912
548278
947145
44987
745518
22891
451445
313277
306182
840982
242075
193855
12435
973182
743277
82171
565534
231986
925024
37434
751598
839156
797506
95047
878744
32488
895844
198092
425736
348825
927167
926098
546938
792093
958383
446782
365665
296151
789859
131311
336625
639658
569870
75494
681060
1113
464974
183633
107833
75518
741458
683110
944776
552711
227734
775619
373120
345256
181695
989573
422890
934623
425251
62930
798826
257943
798016
805972
831645
799863
651797
274961
227901
538406
230990
909425
805807
396611
345848
698191
95609
691333
956095
194416
315827
38295
12320
142445
530228
412753
417325
557352
769812
85194
329421
875262
183963
435863
851807
434468
33330
429431
953193
642651
212325
897846
24447
274193
889798
650172
254317
146685
972038
450729
237632
159336
169655
145973
409851
267438
138559
318303
652317
880523
32644
241420
198211
35210
378592
223118
730288
432725
373389
604605
758405
832870
279990
551476
442265
402365
579636
45354
196674
625941
537607
246564
307991
292017
853717
898200
244477
989629
65001
657653
101266
648796
662086
731202
92417
310515
629432
168597
660966
768412
825923
849673
706738
158113
162595
259079
159924
826881
739811
416447
724817
478888
981147
984498
470738
213868
713079
271990
618846
128084
33966
81839
552568
262785
21981
746105
639038
262771
306060
905951
344277
382192
764240
990370
170725
232632
508297
611124
974488
806072
118554
579687
947667
504880
634342
656539
443524
897353
554424
44840
666182
831303
884502
25295
913118
989629
622428
362052
209354
691536
819188
724591
676000
878739
933533
693434
282503
291822
606197
288765
332160
441339
986699
597926
898239
369420
571849
324189
495756
228452
750306
108209
361014
338735
621410
454938
598519
211041
636751
739112
101540
808045
339947
733671
299159
131724
504243
147292
447973
414011
813444
91265
849957
213459
990298
227362
156796
801290
842386
23492
250054
703287
529796
47212
364593
225183
742114
310443
817081
123305
289737
158967
465936
751485
337970
627661
800438
834549
711166
917653
679831
940149
536402
394835
895672
350622
784651
180338
773968
104234
511584
131323
367456
494315
7727
51283
290542
59671
429112
729705
282037
488822
36526
473820
828573
799670
115069
318622
416322
621849
474302
372657
46432
489640
365264
585880
892314
260415
902216
999981
715493
502233
617047
329893
932721
992187
348305
967363
748139
85933
27767