1000
99
27
72
7
40
50
85
35
77
72
71
55
96
73
75
51
49
64
85
17
97
20
19
52
56
18
82
62
45
40
21
51
11
5
49
65
1
51
68
92
8
62
55
7
91
64
39
75
45
26
23
93
9
60
1
70
17
48
66
26
60
78
34
79
55
71
63
95
43
82
58
41
34
10
86
87
87
1
29
68
88
67
98
71
47
71
42
67
99
21
9
47
40
98
72
6
77
20
38
98
17
9
100
52
89
17
69
27
62
18
3
3
85
5
31
33
69
77
17
82
96
86
65
86
67
73
71
5
94
9
83
85
2
21
30
41
24
87
94
88
58
10
30
33
15
79
59
29
48
36
48
19
35
57
50
65
80
23
1
36
51
29
50
26
69
60
81
28
69
19
66
57
97
12
38
93
41
47
72
67
37
36
47
80
16
37
90
55
26
13
86
56
35
81
59
10
20
20
46
79
58
86
61
37
95
85
88
75
61
30
42
4
19
99
76
73
8
10
86
98
20
43
61
10
26
47
51
50
22
11
29
25
26
42
47
28
67
44
52
29
100
48
8
85
44
20
82
15
71
5
35
31
10
66
10
16
31
49
49
17
73
19
9
17
91
84
18
32
43
28
90
18
27
61
34
94
100
1
78
26
84
100
47
22
6
52
54
90
1
20
65
59
66
96
79
17
98
34
43
39
98
3
13
61
14
33
39
5
80
36
40
57
95
7
42
42
32
64
41
47
18
98
12
69
92
23
48
6
86
1
14
1
94
69
63
60
29
56
65
7
50
53
18
68
95
26
94
74
18
54
6
42
7
54
83
85
14
61
40
10
37
33
33
82
86
38
46
48
7
40
9
39
63
12
99
16
40
52
42
11
9
51
19
19
6
8
85
31
57
9
8
79
22
5
16
42
38
73
71
86
17
11
58
65
44
20
4
8
94
62
91
98
45
27
51
24
87
98
1
29
4
65
3
32
92
53
10
26
43
94
88
27
82
13
14
78
2
90
89
37
71
24
46
4
2
82
76
5
47
49
34
47
18
33
91
66
32
11
40
76
95
42
7
50
65
77
96
66
79
11
69
41
45
38
17
89
5
90
40
59
6
67
33
63
33
12
27
71
3
31
77
4
6
24
4
98
75
95
25
70
20
90
27
66
41
52
67
64
63
78
67
69
27
96
97
65
4
57
31
19
54
58
67
11
53
16
90
93
95
95
98
4
35
77
99
32
88
72
92
53
80
53
30
7
40
100
30
89
34
54
76
42
18
2
58
8
89
35
83
1
9
72
59
49
48
19
34
17
47
100
12
49
74
24
6
89
19
76
38
22
60
26
61
35
2
31
4
36
100
70
53
9
51
66
5
94
98
49
26
48
48
39
75
17
71
5
98
61
30
56
21
72
30
6
94
95
4
66
82
6
82
6
60
68
59
53
56
50
51
17
92
12
12
24
83
47
71
91
47
19
59
96
57
87
92
28
50
63
25
4
46
42
70
51
17
27
81
4
52
55
46
52
42
43
3
20
97
48
48
10
43
95
30
70
23
54
42
17
81
3
50
88
100
51
7
24
66
16
80
81
100
23
54
71
7
77
24
90
19
99
8
33
55
73
70
77
68
61
21
25
53
43
71
8
59
9
48
80
98
41
48
73
62
92
57
33
29
33
57
34
1
16
94
95
17
32
72
16
98
6
17
7
40
92
42
91
86
63
93
82
35
41
42
12
80
19
31
85
65
96
60
36
49
63
55
5
10
47
43
81
66
79
20
90
64
80
30
35
100
21
41
78
14
38
1
43
78
9
43
83
91
49
63
58
54
68
30
83
96
72
14
15
40
55
3
16
30
90
55
51
77
61
96
19
67
21
16
72
64
95
47
21
33
23
32
37
65
88
59
57
85
91
93
53
65
70
5
54
64
64
12
26
15
24
91
86
45
53
45
10
70
83
99
12
55
18
85
82
80
84
45
14
32
91
1
45
16
32
31
7
99
36
78
43
87
54
85
81
35
12
11
95
28
97
19
6
31
81
48
35
4
11
61
98
99
41
37
19
86
89
53
100
14
59
45
2
86
68
92
60
40
39
32
13
92
54
69
5
60
50
43
16
9
98
18
48
86
17
52
72
74
49
33
3
25
45
24
62
21
58
74
35
5
99
51
37
12
69
58
82
100
49
67
10
7
31
3
26
17
14
27
94
56
45
79
16
52
81
11
54
5
3
99
56
11
52
51
5
58
12
48
33
96
49
69
43
93
11
95
18
56
67
96
10
42
94
58
100
35
37
