1000
76
51
92
7
97
62
17
52
80
29
30
74
60
90
63
97
89
71
89
87
43
76
73
87
48
27
4
77
6
66
48
43
38
90
51
24
79
9
18
36
52
49
43
10
4
98
90
100
48
46
85
17
22
50
61
63
40
51
5
88
89
78
17
35
48
54
18
57
40
76
18
38
64
75
65
35
43
53
75
7
3
88
76
26
31
80
50
32
34
13
13
66
74
64
53
77
36
23
37
84
56
40
9
38
68
1
90
48
21
19
70
17
94
58
62
18
59
87
21
9
67
3
25
17
75
56
41
54
29
4
7
100
28
96
66
20
100
57
48
75
60
47
25
8
51
60
15
23
59
34
2
23
96
81
14
77
38
75
65
68
47
88
29
6
52
70
50
27
46
25
37
10
53
99
18
94
93
19
49
17
3
54
27
83
97
12
22
28
52
60
32
43
8
50
51
10
81
60
41
17
94
50
92
77
13
40
1
85
27
19
15
81
53
1
18
65
49
18
50
17
87
51
81
52
58
76
63
83
49
59
37
10
50
23
38
50
27
34
84
73
1
91
7
89
17
17
44
7
5
8
14
30
44
31
56
87
2
49
85
69
25
73
73
10
81
65
74
66
20
53
72
21
83
13
100
54
42
38
16
95
78
93
69
69
52
54
67
51
49
57
82
74
66
78
89
66
37
76
44
58
28
13
46
62
68
14
29
86
93
79
68
65
12
42
100
64
56
34
75
8
69
35
95
52
70
35
27
83
82
62
69
65
52
66
57
87
31
92
2
23
72
4
51
54
75
50
85
4
4
69
19
19
41
100
47
63
95
3
86
64
56
12
52
92
32
2
75
64
9
98
58
2
2
41
70
73
100
36
80
51
72
46
45
27
79
40
18
85
25
85
44
14
6
59
32
84
32
83
52
91
48
89
30
18
38
100
61
53
10
35
64
45
97
33
19
89
90
22
9
80
21
73
93
13
7
74
58
88
50
48
59
62
8
48
13
24
2
12
3
41
26
85
33
77
91
15
32
78
63
73
77
3
93
4
42
54
96
100
79
11
57
37
6
56
67
82
62
96
58
61
32
58
47
89
73
32
23
32
63
73
98
92
24
4
28
6
90
98
92
52
92
52
52
16
72
38
23
40
55
76
15
69
60
92
41
92
6
19
99
46
37
34
33
49
41
9
12
8
62
6
96
14
60
45
92
64
74
5
68
94
26
100
58
61
34
14
95
90
46
62
95
97
3
63
17
10
53
95
42
93
24
44
66
10
3
4
72
75
62
56
9
23
37
72
92
18
72
54
37
92
7
99
78
92
40
91
31
10
50
23
25
84
41
71
96
30
60
83
16
41
81
44
3
15
76
98
5
58
44
50
57
58
32
14
94
90
2
82
28
70
69
34
32
5
59
64
69
89
53
10
64
53
19
41
13
96
9
8
5
60
91
58
30
91
33
34
14
75
95
95
80
76
88
76
36
50
59
18
36
38
30
57
28
48
75
35
47
20
40
73
51
30
6
23
5
25
17
48
54
44
76
49
31
46
80
73
61
36
23
45
29
9
21
7
88
75
86
96
49
8
95
84
35
38
59
8
40
46
67
24
84
62
22
60
85
54
85
76
97
33
48
72
86
48
26
31
62
14
12
38
76
15
67
16
7
45
5
47
18
35
75
63
93
47
59
5
33
46
40
3
82
73
75
85
32
67
39
95
21
78
49
72
7
56
89
37
55
26
92
3
32
38
78
96
24
68
87
36
31
2
19
54
57
25
13
69
11
5
18
18
4
36
43
48
34
15
29
38
73
46
26
86
88
68
61
22
29
59
23
34
48
4
61
76
23
20
81
87
17
85
63
8
97
99
27
38
72
75
18
69
51
51
66
73
85
31
39
76
46
89
53
49
84
31
36
46
84
8
95
84
4
25
94
60
53
81
62
18
40
91
11
18
39
28
41
62
84
97
94
42
100
49
74
88
61
18
24
28
17
75
60
93
83
57
47
3
47
80
92
34
61
98
25
37
30
83
7
37
2
54
7
17
58
73
64
89
100
52
51
15
16
76
76
37
23
15
2
88
96
1
93
45
33
91
66
86
38
31
71
44
86
89
61
35
84
14
53
93
74
39
80
87
26
21
42
84
73
63
43
51
45
85
88
47
33
78
3
24
98
94
27
94
33
5
81
81
37
31
32
98
51
70
40
45
84
22
88
24
18
63
82
9
6
28
74
44
53
59
37
23
81
16
50
11
4
75
5
8
66
9
37
7
69
68
49
65
6
23
73
68
