1000
9
29
93
75
10
43
10
28
99
15
7
19
58
58
98
73
13
22
53
7
39
54
18
48
83
99
56
28
39
24
46
26
68
23
44
20
33
41
1
44
2
2
51
68
86
5
16
35
77
35
56
91
86
12
77
71
64
77
57
14
82
43
17
28
100
52
7
10
90
69
19
51
2
74
49
16
94
44
91
90
51
88
37
7
83
47
32
63
63
35
96
71
79
49
46
55
1
78
54
66
10
81
13
81
72
9
72
71
1
4
36
74
23
100
5
9
10
27
53
55
1
10
51
79
21
46
51
42
32
46
20
7
20
64
23
18
57
6
67
48
17
45
58
46
70
49
46
91
36
18
13
42
62
33
38
82
60
76
77
69
59
10
9
60
42
7
95
20
33
87
26
12
12
37
75
70
56
66
52
93
82
75
10
10
80
20
67
72
33
54
78
21
13
81
11
26
12
63
16
3
86
19
91
40
83
45
88
42
35
71
98
70
14
50
21
76
1
71
61
59
44
41
59
97
45
71
2
78
43
35
34
22
91
70
2
73
1
27
13
90
50
33
56
59
50
52
30
71
17
62
11
75
35
26
85
61
8
20
51
27
81
62
12
3
34
81
49
64
63
86
30
74
29
13
52
10
84
39
62
9
57
67
19
42
44
85
87
74
78
57
76
8
69
78
11
30
12
84
20
28
70
1
54
60
6
33
34
55
36
74
11
58
8
88
68
7
76
43
47
35
49
28
64
72
66
74
93
72
54
41
72
40
57
78
80
10
12
19
95
91
12
69
24
89
93
76
29
56
20
37
2
45
10
21
77
70
66
1
6
77
39
7
3
72
66
39
38
14
19
10
24
74
88
87
33
1
18
18
20
100
49
14
37
82
31
47
18
17
30
22
12
74
11
16
55
73
11
71
72
63
34
94
73
62
25
17
51
22
39
59
49
69
78
70
48
14
49
5
24
40
75
29
65
61
60
12
83
10
67
48
99
86
60
40
14
25
51
24
80
29
26
44
42
11
34
95
100
92
22
22
79
67
22
37
10
35
43
78
93
25
34
75
18
64
81
99
68
69
14
92
82
26
91
9
6
52
83
39
69
40
38
75
96
40
47
75
26
57
70
54
84
11
40
67
13
40
69
13
55
30
97
65
7
43
26
34
67
73
87
73
7
58
98
59
27
7
94
87
77
87
30
18
11
58
98
39
76
31
90
23
10
96
11
19
64
49
29
26
1
26
21
88
89
99
59
51
52
39
21
24
45
67
42
80
2
8
34
96
37
2
65
93
82
67
47
16
95
95
75
30
61
91
9
66
94
50
33
21
9
50
95
44
73
43
68
17
64
69
31
2
71
18
16
43
92
21
55
49
92
100
30
45
87
39
32
99
59
78
98
25
55
25
87
77
71
99
34
31
59
43
83
40
5
47
75
13
58
58
32
71
64
8
15
94
77
45
19
30
17
87
37
16
62
12
57
13
89
47
38
55
77
28
95
67
57
18
74
61
96
43
95
84
95
50
100
47
10
82
29
84
100
28
40
10
80
97
81
77
41
42
99
27
24
44
17
7
30
14
54
31
46
71
29
26
88
38
12
95
92
52
88
36
66
23
62
75
86
94
91
6
91
30
72
34
13
14
41
49
12
54
40
69
91
57
34
31
20
88
78
28
100
84
11
92
36
46
89
62
89
30
94
3
54
88
68
18
65
80
38
97
77
77
27
58
78
77
45
80
75
66
63
92
46
99
2
27
58
92
91
66
13
13
65
26
89
4
49
13
71
84
41
18
50
84
46
81
55
9
51
53
88
6
64
73
99
46
14
54
98
51
43
82
54
10
44
87
60
76
6
96
55
56
61
24
66
29
24
72
27
26
30
35
46
56
76
60
8
98
6
11
62
95
74
48
32
6
36
78
79
87
31
11
72
93
29
16
42
53
23
47
59
16
12
56
50
80
24
11
72
25
6
53
68
15
73
42
18
77
67
9
34
7
85
35
80
90
2
29
67
11
21
5
76
39
33
47
18
49
7
65
48
38
84
55
42
21
10
13
39
64
60
100
100
66
75
19
53
13
4
64
34
61
3
46
19
85
72
21
92
2
12
34
34
40
40
77
4
89
48
22
42
78
67
84
64
46
50
69
40
96
34
85
78
9
74
1
8
47
22
83
58
9
15
35
44
67
73
7
62
63
67
96
88
73
64
97
90
8
29
91
17
63
16
26
54
58
61
33
29
62
8
57
35
24
44
52
75
93
74
94
61
49
94
47
23
9
4
90
31
13
